1
12494
503376
3224806
7937645
12931398
17846122
22693990
27458366
32135184
36681680
41050172
45195034
49159130
52983316
56590804
59882032
62914346
65671760
68112566
70286156
72270100
73912772
75118104
75972786
76583584
76948690
76894478
76398002
75742232
74895142
73582986
71870116
69953526
67818628
65380278
62566148
59472194
56134026
52550432
48735002
44714690
40496710
36090418
31554406
26916754
22178356
17301664
12294516
7219648
2171284
-2911906
-7999428
-12991554
-17888122
-22739046
-27499606
-32152870
-36694778
-41052166
-45224058
-49211668
-53016400
-56581872
-59878704
-62889944
-65599058
-68052388
-70277564
-72203346
-73804016
-75018176
-75840964
-76400162
-76772452
-76799244
-76485772
-75812952
-74804020
-73509762
-71882708
-69971416
-67805932
-65324614
-62496680
-59420452
-56088894
-52548846
-48787056
-44780224
-40536752
-36127146
-31597240
-26946254
-22135082
-17245502
-12321372
-7299104
-2183942
2908258
7954076
12955720
17897792
22746884
27490496
32147216
36700718
41079504
45263044
49251668
53052850
56607818
59868516
62856714
65640334
68177922
70387274
72259082
73829172
75057012
75962444
76584360
76859000
76833394
76492272
75871440
74856774
73482698
71879636
70082304
67880198
65282630
62494338
59492698
56157118
52517642
48709976
44726584
40547274
36176256
31659938
26973214
22139640
17202712
12246058
7276416
2241316
-2871474
-7934894
-12913562
-17864424
-22763258
-27505012
-32121430
-36680336
-41104430
-45304036
-49271926
-53046124
-56627918
-59914600
-62898284
-65652706
-68158980
-70322226
-72166578
-73744410
-75031872
-75960736
-76530308
-76763756
-76747526
-76517876
-75931150
-74913880
-73619758
-72095346
-70165822
-67870212
-65329812
-62497990
-59376730
-56091950
-52560030
-48715650
-44694320
-40526416
-36164294
-31643340
-26949264
-22107772
-17217934
-12268814
-7247624
-2188414
2908010
7953472
12893996
17804246
22702638
27515290
32186050
36694808
41055262
45242122
49216980
52981250
56557318
59863948
62895074
65632738
68099588
70261464
72154694
73796442
74998120
75813128
76415480
76682570
76301652
75470322
74831152
74046128
72693716
71298716
69856852
67835334
65333250
62527358
59497582
56198050
52617924
48762778
44689556
40469912
36118676
31602232
26936942
22154710
17320582
12407780
7387412
2300868
-2814664
-7924226
-12959304
-17885344
-22726314
-27468982
-32113052
-36648750
-41073460
-45357784
-49373120
-53080794
-56560994
-59851132
-62920102
-65710402
-68203632
-70427972
-72308482
-73800194
-74999834
-75909556
-76468950
-76687008
-76640888
-76310428
-75685918
-74791844
-73599380
-72000238
-70043606
-67841212
-65333556
-62511938
-59435084
-56139634
-52606634
-48827742
-44801340
-40528652
-36073990
-31553952
-26943584
-22193784
-17322682
-12367056
-7360648
-2278678
2824508
7858404
12855444
17811494
22694956
27490208
32159750
36685642
41056874
45260704
49248032
53004334
56518748
59789360
62810452
65569342
68119360
70399860
72275100
73734042
74971674
75902964
76539724
76892794
76898718
76497608
75776866
74808774
73567132
71970196
70024882
67825196
65298186
62467954
59416384
56082398
52478374
48706634
44757892
40569270
36185498
31621894
26954372
22210964
17347842
12353310
7283666
2186172
-2909984
-7960036
-12974980
-17925112
-22778328
-27520378
-32145282
-36671984
-41045694
-45249834
-49240724
-52960944
-56502682
-59905912
-63008692
-65724182
-68148092
-70355244
-72253132
-73768858
-74947166
-75910740
-76545842
-76782966
-76729462
-76458898
-75865884
-74901542
-73615998
-71986356
-69997126
-67733170
-65243638
-62483090
-59444708
-56118036
-52524650
-48742498
-44759312
-40540788
-36139462
-31605664
-26936306
-22159864
-17319720
-12366798
-7300724
-2212130
2896956
7951240
12903448
17811410
22701268
27503470
32202674
36774808
41154560
45304526
49260380
53001166
56524320
59849922
62940348
65744076
68240946
70402326
72218058
73814584
75074478
75956074
76471964
76755934
76752644
76466634
75864762
74920678
73580116
71934374
69998376
67758922
65249016
62470624
59389322
56053446
52471460
48655224
44647298
40481108
36154890
31655398
26977630
22141734
17210502
12252306
7261522
2208060
-2852014
-7874288
-12890034
-17912952
-22871028
-27663620
-32258022
-36711358
-41047298
-45231400
-49234008
-53038900
-56622644
-59900636
-62850984
-65585880
-68100542
-70289280
-72125990
-73730614
-75037494
-75916872
-76446542
-76730234
-76734354
-76449124
-75809844
-74763744
-73428204
-71857372
-70008890
-67837044
-65301502
-62451800
-59371848
-56079848
-52536122
-48737396
-44747514
-40559474
-36206060
-31645642
-26938914
-22190494
-17349840
-12318066
-7233564
-2169200
2888580
7901386
12845008
17804584
22724746
27536980
32230846
36727822
41020556
45179248
49200982
53002478
56556226
59820404
62811652
65592638
68133644
70326070
72199032
73803092
75087368
76036772
76664716
76975266
76931208
76522686
75743724
74671454
73398172
71845580
69936120
67703350
65196876
62464204
59504534
56212272
52604172
48759256
44701796
40488340
36129618
31582658
26888424
22120782
17282392
12326658
7308196
2231882
-2854724
-7919454
-12918160
-17829984
-22688918
-27506848
-32174144
-36694040
-41074132
-45252692
-49229212
-52971682
-56479890
-59768466
-62848616
-65646136
-68144238
-70328842
-72183552
-73733266
-75040766
-76054672
-76674552
-76925592
-76798876
-76345738
-75677100
-74762188
-73541234
-71965110
-70021300
-67774230
-65290520
-62534672
-59495996
-56192640
-52609366
-48746592
-44725348
-40547720
-36205158
-31716074
-27081228
-22290178
-17379370
-12336664
-7240116
-2192870
2826544
7882920
12915032
17867356
22781046
27586908
32223980
36718144
41036878
45178076
49193482
53007698
56551804
59825886
62842440
65589004
68074352
70299438
72205704
73745852
74992830
75953762
76531802
76782846
76795526
76482852
75853170
74941970
73719934
72134676
70189290
67898862
65349282
62555022
59483064
56156866
52606512
48776822
44724942
40511072
36140564
31602502
26934880
22163366
17290364
12302256
7278922
2243930
-2829654
-7919954
-12938272
-17856592
-22708816
-27475100
-32157490
-36708666
-41070428
-45245026
-49238294
-53026250
-56609488
-59913722
-62897396
-65601744
-68061468
-70264108
-72117242
-73652634
-74918982
-75891554
-76555626
-76910082
-76865082
-76471012
-75816476
-74859122
-73583200
-72008718
-70089382
-67926672
-65450198
-62597964
-59508920
-56191858
-52576140
-48738352
-44774056
-40604130
-36205488
-31635606
-26962466
-22169474
-17294328
-12380712
-7382568
-2287950
2841656
7932404
12928958
17863570
22726894
27498104
32154464
36686448
41074916
45246576
49186890
52943180
56483414
59800938
62936290
65764356
68269586
70452106
72320406
73773248
74975772
76023690
76760292
76991400
76794062
76348582
75690954
74680060
73322404
71712778
69788460
67613920
65241620
62544278
59470938
56133462
52557880
48749438
44735852
40508636
36129734
31584744
26897434
22104806
17228800
12266558
7256676
2250032
-2765836
-7812512
-12848038
-17794366
-22672594
-27493000
-32184620
-36697674
-41036542
-45217576
-49247040
-53059020
-56583156
-59859346
-62903298
-65656338
-68120490
-70306726
-72161240
-73751890
-75021440
-75743478
-75743420
-75861120
-76398990
-76563870
-75874598
-74828000
-73538202
-71915722
-69996940
-67824272
-65342322
-62505160
-59386398
-56067532
-52501528
-48693168
-44703896
-40524536
-36145194
-31593866
-26927908
-22154826
-17263804
-12279502
-7273618
-2291164
2768638
7891326
12982218
17943522
22776762
27513686
32158694
36678802
41024150
45189220
49189070
52985998
56561326
59851530
62888220
65697034
68184168
70319266
72202496
73781668
74992216
75919818
76544240
76838950
76842692
76454840
75709458
74753444
73537472
71888260
69882898
67718610
65326388
62560106
59525436
56233140
52626942
48742666
44695490
40478270
36144598
31665212
26979074
22119326
17224282
12293630
7284546
2221322
-2853296
-7899464
-12894422
-17814972
-22687956
-27490018
-32180636
-36711254
-41044008
-45196778
-49207882
-53033516
-56577448
-59870800
-62930318
-65677960
-68092874
-70265156
-72192926
-73789846
-74999964
-75884718
-76482464
-76788082
-76801738
-76525530
-75881300
-74853498
-73491850
-71874256
-70026062
-67906924
-65382920
-62510666
-59445468
-56175068
-52651564
-48863908
-44782398
-40526344
-36160194
-31650356
-26986262
-22221714
-17319814
-12317672
-7270108
-2192058
2897252
7960402
12999122
17928984
22775728
27546596
32195036
36676360
41014634
45192914
49164696
52962244
56536278
59835166
62870594
65635476
68099038
70289404
72138448
73634078
74865728
75790744
76455218
76797188
76803536
76448654
75799788
74818168
73506636
71902786
69994308
67734266
65191024
62397504
59344886
56033092
52484188
48737216
44768866
40502766
36051012
31541636
26952784
22177950
17257836
12308092
7365454
2294502
-2847658
-7935894
-12957878
-17863638
-22683448
-27462924
-32153022
-36700378
-41086810
-45254044
-49239122
-53046956
-56627300
-59949870
-62976220
-65689860
-68115878
-70331336
-72245026
-73816052
-75047486
-75966798
-76506286
-76667234
-76235248
-75326028
-74392596
-73558686
-72555370
-71388842
-69850860
-67780668
-65278018
-62457154
-59350422
-56051338
-52527200
-48751570
-44767320
-40588078
-36218116
-31686644
-27021998
-22219110
-17314590
