1
263000
5062636
7741346
-4559685
-3479084
-2427366
1500198
5406114
-2396050
-2331940
940308
-4371700
-2749086
5812814
8944108
-2568840
-4068650
2470226
6101368
9003392
8294278
3824272
1694716
648014
-5531626
-3680072
-3157618
-2911306
4551784
6105666
9637940
8336678
-4815162
-10222282
-1970672
2946400
-2574828
2535512
2748454
5288900
-1887580
-163650
4384450
2074340
4955952
11099794
6264232
-2741130
-5360850
-5602024
-1969764
-2377084
-6441736
-10178226
-10809434
-3340170
6281680
2027742
696608
4993110
5290614
8883652
9205342
-420874
-2770282
-151052
-1329802
-893690
4946008
6223568
4289428
5685210
-1831272
-8601912
-4252324
3135834
-2446346
-9483746
-3292424
1679198
2109658
-4073628
-4602988
-3897326
-2592938
-6945806
-13266108
-10078686
-3078424
-2281244
462534
1832612
-1552438
-2277776
-3067828
2244108
-214086
5005890
9023112
-4445014
-3365914
-2316648
1556746
5440982
-2367762
-2306204
968730
-4326042
-2749744
5723328
8815300
-2675074
-4193382
2277290
5887578
8826266
8115778
3610848
1535892
557766
-5576176
-3654830
-3090674
-2858228
4592244
6152748
9696274
8412414
-4752446
-10187180
-1954912
2946524
-2597994
2511998
2752330
5301006
-1915240
-291310
4263712
2039722
4930966
11065982
6236210
-2797702
-5426836
-5576084
-1883112
-2238920
-6304776
-10094374
-10801164
-3405864
6150536
1932972
673400
4973522
5210800
8775402
9128352
-457622
-2728026
-108698
-1317732
-875518
4941130
6181660
4271912
5650100
-1867402
-8577402
-4206462
3153830
-2470796
-9538864
-3386316
1537564
1933178
-4157116
-4589344
-3892604
-2621144
-6998712
-13367366
-10203432
-3203310
-2427490
352312
1832808
-1557080
-2333402
-3118186
2240512
-184640
5071258
9054860
-4507756
-3460334
-2394980
1532082
5394922
-2449818
-2366296
969434
-4320552
-2707134
5794894
8871832
-2664042
-4152972
2347180
5976634
8947616
8288110
3801876
1661832
618630
-5540332
-3604602
-3087610
-2906266
4526546
6075226
9592664
8362338
-4792300
-10243502
-2000942
2905010
-2605062
2559786
2776786
5293994
-1911248
-281690
4228060
2026434
5002288
11165884
6314452
-2755932
-5435262
-5612046
-1869708
-2203808
-6297686
-10118206
-10852644
-3416268
6200310
1986210
718828
5054678
5266520
8774142
9151354
-375058
-2678168
-108642
-1367432
-952782
4909236
6200426
4233940
5583352
-1928810
-8622654
-4221890
3192530
-2440022
-9558990
-3359764
1626514
1972124
-4220990
-4639264
-3883026
-2594508
-6964438
-13341890
-10222648
-3231218
-2358588
491790
1979376
-1407634
-2199608
-3029740
2215516
-318778
4937560
9017746
-4461984
-3438232
-2393780
1534172
5394182
-2486802
-2411314
931640
-4363738
-2780808
5708428
8847882
-2600436
-4127798
2310324
5933498
8912592
8238658
3741966
1620110
604344
-5549696
-3642280
-3154712
-3004146
4455750
6071448
9612716
8332550
-4794808
-10188102
-1963764
2891258
-2634710
2516924
2788166
5353600
-1887938
-306290
4150950
1879556
4843064
11036494
6220182
-2769408
-5388072
-5641122
-1982820
-2279140
-6289342
-10076988
-10809686
-3390518
6209466
1960374
635828
4958168
5244572
8832306
9214460
-329760
-2661830
-82920
-1293310
-931284
4839722
6174854
4283042
5575648
-1985664
-8679602
-4264580
3146638
-2460846
-9520128
-3329396
1632930
2005652
-4132198
-4563428
-3869818
-2654892
-7024842
-13353340
-10178160
-3147586
-2311494
447074
1879514
-1494396
-2241634
-3065656
2182256
-314632
4953526
8981940
-4545208
-3501678
-2418262
1523630
5434034
-2371704
-2271372
1029332
-4295360
-2756174
5765414
8919634
-2595908
-4178174
2295692
6012102
9008540
8233600
3674888
1594744
625522
-5490896
-3579548
-3118798
-2970380
4495356
6101822
9665152
8383360
-4759438
-10153904
-1872482
2992270
-2609376
2505490
2750044
5245442
-1982790
-321762
4178828
1931476
4922874
11088394
6227814
-2778516
-5371886
-5558414
-1884088
-2269534
-6366868
-10159096
-10786754
-3283216
6294578
1961664
603654
4953614
5262386
8833558
9178604
-415576
-2753986
-143290
-1296822
-805750
5049404
6341406
4395276
5693658
-1867974
-8570304
-4166012
3247624
-2364536
-9422902
-3247130
1682746
2009120
-4176160
-4646566
-3936646
-2689886
-7100926
-13420376
-10162126
-3083524
-2258934
470442
1843850
-1580458
-2303688
-3062650
2227584
-238530
5024142
8993256
-4555520
-3457870
-2333694
1577618
5411160
-2424442
-2366786
921624
-4353608
-2751096
5718330
8834480
-2632576
-4139024
2320564
5928888
8885114
8199702
3711800
1633830
666934
-5479384
-3597916
-3115514
-2890620
4632048
6195540
9640090
8321028
-4777282
-10160234
-1912318
2983824
-2579098
2515682
2716532
5209732
-2012890
-317028
4234204
1968142
4863300
11028590
6236192
-2753340
-5363252
-5568260
-1920306
-2275408
-6326860
-10165446
-10896388
-3416454
6238528
2016416
703090
5012052
5272118
8818306
9177758
-344296
-2683106
-106770
-1301408
-893694
4902258
6231860
4320258
5611266
-1942108
-8663560
-4282428
3120842
-2471236
-9520504
-3331324
1643366
2039198
-4123952
-4610400
-3920870
-2690250
-7092918
-13416110
-10210278
-3169538
-2388916
353228
1842414
-1446944
-2174954
-2990184
2272808
-240394
4989946
8982836
-4565198
-3502636
-2447570
1477772
5416978
-2405036
-2405320
921040
-4260666
-2609190
5867668
8966392
-2515268
-4060244
2368324
6010398
9004368
8315420
3781002
1675662
685700
-5501038
-3626650
-3079948
-2872498
4557296
6128292
9704700
8444648
-4761072
-10238894
-1976268
2933756
-2608792
2533546
2742972
5210784
-1982688
-283136
4200944
1917986
4916070
11124142
6241360
-2841520
-5435618
-5592146
-1921008
-2283000
-6325708
-10108120
-10775692
-3333798
6215432
1959250
708330
5038252
5240156
8795848
9197250
-337872
-2655974
-62922
-1332570
-978266
4866606
6236566
4289806
5568720
-1971476
-8625334
-4176126
3207510
-2449780
-9551268
-3372572
1629146
2036548
-4149716
-4638670
-3914740
-2678568
-7100716
-13444646
-10189692
-3095896
-2263394
458546
1856654
-1511612
-2247244
-3057766
2202694
-322936
4917528
8956400
-4552810
-3506060
-2476290
1450034
5417014
-2371588
-2345940
900980
-4378668
-2735912
5808320
8932184
-2581738
-4149672
2295478
5913160
8849464
8139444
3655066
1600264
644658
-5490540
-3614414
-3082394
-2841574
4626062
6191502
9712008
8412414
-4754256
-10203218
-1973696
2908866
-2629486
2513848
2786908
5326736
-1915336
-307364
4179536
1951112
4970576
11215426
6370236
-2762864
-5475700
-5649616
-1964668
-2362912
-6395926
-10108322
-10786926
-3355694
6295000
2081242
716648
4977738
5266280
8907770
9340992
-231854
-2649662
-75738
-1276894
-899446
4923356
6274450
4345316
5613446
-1958804
-8699998
-4279604
3177540
-2427212
-9525840
-3324112
1694302
2119050
-4050634
-4560186
-3887988
-2664738
-7059264
-13380350
-10151986
-3108636
-2310942
436804
1887572
-1454130
-2187844
-3030636
2204790
-270832
4999846
9008144
-4481646
-3382346
-2314800
1563426
5394080
-2495298
-2444818
907620
-4293784
-2680480
5781634
8871284
-2630918
-4158440
2341832
6000008
8924610
8206034
3732238
1661518
628740
-5543744
-3592828
-3047766
-2903806
4558788
6151762
9652032
8333470
-4817504
-10206828
-1929120
2967046
-2573286
2509930
2672878
5185940
-2005624
-360328
4133506
1903312
4860330
11048116
6239278
-2757142
-5343810
-5529270
-1924714
-2337564
-6346964
-10062682
-10739552
-3314788
6221674
1969320
726888
5059398
5252736
8777392
9180560
-386908
-2735750
-93576
-1257742
-879354
4936736
6252890
4301092
5600732
-1959178
-8660130
-4226212
3173858
-2480088
-9536356
-3305554
1673018
2016284
-4194182
-4661268
-3946436
-2706368
-7084364
-13427204
-10262974
-3198604
-2372002
353156
1762146
-1572866
-2258140
-3034122
2222140
-259390
5014296
8999446
-4542572
-3478300
-2356400
1584972
5449574
-2417290
-2313294
1056052
-4236590
-2697820
5814720
8945792
-2569344
-4155294
2314268
5964840
8912726
8240428
3772540
1682948
675978
-5497956
-3582650
-3067528
-2916446
4529838
6194796
9819888
8515594
-4724878
-10232894
-2058024
2815956
-2669100
2544698
2815788
5340890
-1869020
-246816
4206978
1906810
4851828
11077724
6267882
-2802070
-5439876
-5594542
-1918608
-2282484
-6329714
-10114278
-10858022
-3462680
6161592
1968342
703308
5041198
5276896
8839106
9222826
-357660
-2704106
-93264
-1281350
-890012
4901642
6220002
4314248
5617736
-1963164
-8693760
-4286684
3133946
-2462514
-9488314
-3279596
1681774
2073664
-4104468
-4647558
-3988276
-2725988
-7122636
-13477980
-10227268
-3103994
-2248602
471438
1862950
-1513980
-2236922
-3042844
