-1
-83452
-1773832
-5383114
-7049409
-8931438
-11742072
-14285694
-15241332
-13778634
-9836462
-4289722
1404500
5756332
7491534
5945706
1345622
-5540590
-13772728
-22384942
-30506340
-37320192
-41890106
-43147882
-39932960
-31523238
-18179222
-1276054
16692112
32367036
42420164
44674634
38794382
26656998
11835966
-1440402
-9385742
-10000318
-3796528
6445492
16580650
22538262
21852670
14435622
2548316
-9996348
-19152276
-22203646
-18705370
-10446128
-750876
6596382
8886158
5504968
-2011560
-10591592
-16812876
-18179506
-13922014
-5265210
5045056
13877916
18910866
19389184
16260600
11718250
8192962
7238368
9107580
12767306
16270090
17713360
16137824
11798602
6123928
1230584
-1102362
-80480
3852594
9147462
13834696
16234946
15558828
12188086
7477688
3019036
85552
-810230
-120252
945914
1167644
-196346
-3109228
-6838018
-10201714
-12134934
-12118926
-10572692
-8496570
-7041468
-7104020
-8913460
-11759232
-14335836
-15296908
-13848030
-9914848
-4315886
1450616
5770594
7430980
5870312
1311400
-5523282
-13735356
-22358502
-30457554
-37235778
-41828934
-43085320
-39873792
-31517610
-18158224
-1172430
16810184
32444362
42444642
44641994
38789952
26696642
11823428
-1485178
-9389386
-9935666
-3711636
6446716
16453844
22392412
21741604
14283520
2363966
-10122418
-19220530
-22204494
-18610332
-10352754
-765214
6543708
8836398
5453068
-2064024
-10656368
-16895816
-18199486
-13885676
-5208166
5066494
13802352
18772202
19268730
16237078
11768348
8192256
7212246
9101638
12703092
16115046
17575894
16078938
11865898
6232334
1211864
-1237228
-229414
3735782
9131082
13913792
16323122
15640664
12258146
7468106
2961296
89678
-679770
37488
1063198
1268814
-95186
-3081448
-6835910
-10161750
-12055196
-12062258
-10482998
-8346368
-6910138
-7075628
-8935710
-11773102
-14308596
-15297646
-13833632
-9865408
-4277248
1426962
5749164
7447030
5892810
1282358
-5580320
-13786906
-22403360
-30503812
-37311872
-41888904
-43054678
-39805158
-31531822
-18258718
-1263048
16786120
32437018
42466572
44690554
38796282
26617184
11748386
-1508750
-9423184
-10032646
-3833376
6380350
16518066
22473640
21732926
14292594
2467038
-10009412
-19148012
-22186294
-18629352
-10351138
-711774
6627220
8943830
5519466
-2042380
-10610356
-16802994
-18126916
-13832664
-5157556
5138994
13889412
18839494
19280230
16147332
11615850
8072764
7140468
9069900
12752052
16289330
17781364
16186378
11874362
6219316
1259308
-1138720
-128306
3816434
9161524
13864010
16286306
15674622
12301346
7484548
3007830
144050
-735176
-90622
1004802
1273154
-94520
-3072952
-6842494
-10206178
-12103394
-12109198
-10544370
-8409850
-6961864
-7101314
-8982950
-11857940
-14400562
-15316090
-13826046
-9867206
-4280720
1490392
5810356
7453312
5887302
1291864
-5608222
-13828978
-22470828
-30630868
-37448098
-41967906
-43112916
-39839688
-31448136
-18103564
-1195854
16769752
32443128
42477640
44652454
38742306
26608658
11761084
-1507940
-9386732
-9951124
-3756136
6415958
16510088
22508984
21857374
14403342
2501182
-9999516
-19121290
-22200022
-18693554
-10389966
-716508
6579230
8867388
5452026
-2112970
-10698222
-16878124
-18155116
-13853306
-5211108
5047588
13802490
18783724
19272956
16193688
11703386
8155834
7172016
9082066
12754068
16229694
17711808
16175304
11835654
6124140
1198264
-1160278
-136828
3838642
9186582
13864242
16265812
15602860
12225230
7460922
2978152
85122
-731816
-62
1078092
1295466
-68042
-3008582
-6788172
-10202928
-12114046
-12064258
-10472690
-8382624
-6988126
-7147784
-8999914
-11836536
-14398986
-15355228
-13853328
-9888010
-4302008
1475500
5790196
7407518
5877390
1338060
-5564334
-13822796
-22421478
-30539972
-37383582
-41962486
-43151888
-39898312
-31516880
-18156430
-1182556
16799492
32469190
42512588
44751898
38868598
26641488
11694364
-1551844
-9393472
-9951752
-3735026
6452608
16512418
22483040
21881186
14490054
2569134
-10005926
-19170244
-22206924
-18619216
-10309438
-685176
6599886
8867516
5466344
-2089012
-10723896
-16944294
-18250084
-13932262
-5231460
5067106
13871248
18876570
19359730
16262376
11758736
8204620
7241538
9142058
12816610
16284688
17670556
16003024
11678952
6137348
1291214
-1110216
-155370
3785666
9141376
13876368
16317196
15655584
12296148
7577470
3095616
148166
-749376
-80032
1006658
1239086
-185254
-3182694
-6870198
-10156370
-12063004
-12119548
-10579778
-8439612
-6961086
-7084726
-8896794
-11725634
-14339980
-15323764
-13773830
-9779858
-4242548
1456316
5766116
7448644
5917652
1322098
-5610648
-13811150
-22341872
-30448688
-37278966
-41827226
-43060588
-39877262
-31567296
-18242606
-1251290
16748904
32349954
42364710
44637112
38785892
26617280
11737466
-1514630
-9462322
-10108524
-3893988
6362256
16431224
22367062
21697256
14287178
2444432
-10023430
-19159170
-22211936
-18665286
-10339894
-654180
6702664
9022264
5603708
-2012094
-10673880
-16899314
-18156144
-13794024
-5141040
5094620
13826532
18769484
19242474
16189502
11704240
8152686
7166576
9056752
12718358
16226716
17731074
16191026
11847728
6133300
1161272
-1230170
-227328
3733164
9139008
13898648
16292728
15590316
12179916
7413150
2939248
22734
-853096
-131886
957586
1206418
-115480
-3045482
-6832464
-10235062
-12172374
-12177244
-10604034
-8454884
-6977888
-7090996
-8909972
-11722616
-14322578
-15343272
-13855508
-9875652
-4287466
1486904
5822458
7459944
5881648
1298974
-5569266
-13787858
-22417356
-30575874
-37354024
-41891206
-43151064
-39935046
-31511848
-18141596
-1200366
16777184
32414596
42407768
44622408
38761492
26640814
11787160
-1485416
-9450278
-10073840
-3827040
6394476
16458686
22379408
21720910
14339532
2488014
-10024808
-19193170
-22286752
-18770398
-10440316
-705652
6650630
8954892
5565968
-2032942
-10698784
-16904462
-18142892
-13807400
-5177168
5089324
13872344
18861598
19336714
16256872
11702802
8104600
7144480
9086282
12758476
16239458
17745062
16260792
11924652
6184194
1209522
-1178320
-168456
3788576
9164886
13909496
16324184
15660178
12277208
7491492
3032984
178794
-707710
-86260
978490
1224192
-171110
-3136208
-6891242
-10221012
-12101020
-12047440
-10526952
-8483878
-7065696
-7174520
-9037152
-11882562
-14418366
-15310996
-13790424
-9860030
-4290890
1464884
5754582
7374138
5783250
1185266
-5635922
-13795116
-22422670
-30557694
-37335902
-41919908
-43180542
-39936672
-31514952
-18162652
-1173436
16852510
32457630
42440410
44685786
38812672
26617276
11707902
-1562526
-9480536
-10110144
-3885306
6422022
16575552
22518104
21837508
14409958
2480130
-10075092
-19201674
-22201334
-18620114
-10346934
-720490
6659788
9025642
5594160
-2032646
-10680264
-16888322
-18155188
-13797926
-5138856
5103414
13848800
18833178
19283302
16151470
11692218
8258344
7308144
9108754
12671162
16135824
17650442
16136082
11821020
6217288
1322466
-1092688
-110628
3819274
9147084
13853366
16297622
15655088
12286376
7530896
3030100
75106
-778456
-77488
1028702
1312072
-88600
-3101268
-6844362
-10159932
-12085040
-12143780
-10641880
-8514116
-7029936
-7104528
-8907860
-11741310
-14357978
-15332040
-13807780
-9815200
-4241738
1475124
5766968
7425824
5908840
1359814
-5537596
-13789468
-22390006
-30526722
-37377332
-41926676
-43077348
-39833800
-31445726
-18100114
-1182424
16771692
32458872
42511994
44726260
38788662
26591188
11741024
-1475266
-9364040
-9952906
-3733396
6510290
16629056
22528078
21791994
14379260
2498482
-10033790
-19143102
-22167994
-18697788
-10451016
-753292
6637754
8966444
5530612
-2081342
-10684452
-16871414
-18159404
-13828454
-5162852
5162014
13974740
18904144
19275312
16179734
11714892
8180994
7194196
9076058
12745470
16221888
17637448
16034374
11724652
6123748
1244578
-1089170
-91248
3814574
9180518
13937608
16335952
15648114
12290662
7539512
3033990
138032
-739872
-97048
1005490
1292808
-100932
-3111400
-6867852
-10193122
-12069862
-12047284
-10488148
-8401390
-6986628
-7103648
-8872742
-11650164
-14273998
-15356560
-13888946
-9886748
-4340622
1384614
5725938
7424948
5885464
1313442
-5559644
-13751862
-22360728
-30534024
-37365820
-41893044
-43083656
-39870124
-31502856
-18131438
-1151568
16856760
32525930
42535730
44699046
38788416
26663748
11780090
-1558440
-9517230
-10071712
-3817192
6436022
16586484
22557946
21814188
14337254
2416918
-10128688
-19261534
-22300456
-18766646
-10438614
-722450
6603196
8855838
5446480
-2064126
-10650614
-16859084
-18130854
-13793372
-5144766
5074300
13834498
18803254
19224892
16143672
11705396
8175532
7182386
9081456
12740306
16234086
17730092
16188992
11882116
6246682
1300470
-1122526
-107848
3848306
9177454
13887114
16296932
15637354
12314462
7605768
3074228
134568
-737664
-61372
995974
1233326
-120734
-3050044
-6788586
-10118124
-12027862
