1
50068
2417438
15531424
36961713
56114280
69274004
75094970
73013518
63193172
46649782
25168564
967240
-23430732
-45273478
-62215442
-72574774
-75232270
-69949286
-57332884
-38601410
-15668606
8974484
32596204
52710734
67233094
74474294
73841204
65626826
50502402
29849092
5925896
-18637216
-41164346
-59302370
-71119714
-75385690
-71723800
-60478212
-42788006
-20503680
3989754
28010378
49042270
64823764
73632430
74635264
67869862
53977908
34253762
10801994
-13869988
-37043010
-56138182
-69211646
-75039070
-73043908
-63312656
-46759828
-25176696
-944636
23417672
45278298
62237576
72517224
75126692
69912498
57348996
38598758
15663672
-8965386
-32661250
-52809346
-67282722
-74579678
-73980994
-65638150
-50425604
-29810608
-5945156
18630310
41236776
59342964
71042708
75324530
71734428
60490830
42756802
20551240
-3881854
-27956580
-49057254
-64921870
-73780276
-74776034
-67975582
-54042828
-34284928
-10873570
13763252
36946902
56152982
69345422
75126534
73008202
63274484
46782666
25250898
990346
-23370778
-45209484
-62188910
-72481232
-74997940
-69730518
-57241042
-38606976
-15720958
8875934
32565306
52748362
67208070
74521302
74061670
65789820
50499298
29828274
5945466
-18599974
-41151656
-59300898
-71090610
-75324368
-71657708
-60453934
-42797206
-20562296
3931088
28051798
49127404
64896470
73754146
74811830
68025956
54061718
34287410
10797056
-13854104
-37020172
-56239314
-69442900
-75212640
-73036726
-63220734
-46718578
-25174916
-904338
23407650
45218836
62204972
72543174
75187028
69972112
57356548
38616014
15692038
-8923704
-32560134
-52686398
-67195798
-74512834
-73991580
-65724684
-50463278
-29784178
-5931410
18588426
41190986
59380482
71209566
75436564
71648510
60345850
42696310
20454994
-4009650
-28049304
-49063570
-64850012
-73775850
-74888254
-68081912
-54080364
-34287796
-10788678
13874726
37061024
56205450
69324064
75085140
73022056
63302734
46840520
25285694
979682
-23394286
-45215106
-62202726
-72548062
-75174232
-69944330
-57400072
-38650306
-15670930
8956934
32585374
52743970
67233380
74523846
73955740
65649958
50386072
29711810
5797014
-18735464
-41255764
-59360412
-71151236
-75442558
-71782838
-60525596
-42839760
-20545912
3963094
28055966
49111218
64858730
73677812
74782192
68073536
54098132
34287780
10777042
-13902466
-37089892
-56237684
-69344196
-75109662
-72983352
-63191198
-46714824
-25266674
-1058770
23344450
45246686
62239314
72562562
75106584
69734120
57117150
38464640
15623850
-8950868
-32589446
-52712596
-67165358
-74528798
-74083978
-65821726
-50538088
-29792284
-5848366
18673364
41168050
59249794
70985152
75261616
71695932
60534852
42841146
20535210
-3952686
-28024196
-49101116
-64876522
-73706468
-74767084
-67991958
-53998170
-34180846
-10727246
13844424
36942642
56111878
69321232
75152202
73046368
63252330
46761906
25258068
1011816
-23396308
-45286022
-62258138
-72567418
-75231944
-69986256
-57340014
-38605698
-15711266
8922614
32592022
52730820
67198164
74540934
74065856
65787364
50478558
29826622
5964236
-18629106
-41223956
-59332740
-71017104
-75202858
-71558264
-60417730
-42809722
-20587588
3918770
28041930
49151312
64923348
73710314
74761206
68045112
54086766
34282670
10835250
-13767966
-36930406
-56124420
-69275706
-75081108
-72957970
-63184824
-46718766
-25221172
-985222
23371646
45220578
62201560
72522236
75241502
70052626
57408596
38616618
15695132
-8900242
-32530252
-52705142
-67239670
-74581074
-74051564
-65742816
-50505288
-29837478
-5855522
18755604
41292590
59395836
71171830
75374662
71667522
60430288
42748052
20449064
-4062246
-28128192
-49167078
-64940462
-73777958
-74845714
-68027922
-53997234
-34282928
-10953674
13654296
36882896
56099352
69281226
75139656
73071764
63248212
46713198
25215966
983736
-23369244
-45197796
-62141556
-72483346
-75190748
-69986218
-57399704
-38667192
-15731044
8906968
32555294
52712784
67260496
74571090
73945208
65612560
50439400
29859322
5988112
-18619520
-41189500
-59275346
-70945902
-75101338
-71381396
-60199860
-42603900
-20416014
4049298
28085520
49070464
64795828
73646336
74735940
67971608
54011666
34274656
10790378
-13834712
-36972760
-56121878
-69234740
-75025606
-72960894
-63180558
-46636574
-25151838
-960408
23371092
45205728
62171316
72496946
75167626
69939758
57305098
38545274
15653432
-8925408
-32601782
-52805146
-67312770
-74467544
-73597934
-65291754
-50321778
-29834170
-5925928
18638600
41175768
59290864
71059036
75262820
71569424
60362406
42752012
20547852
-3926264
-28024222
-49096306
-64911034
-73785228
-74830346
-68010238
-54028230
-34221572
-10722122
13891538
36980906
56103408
69210512
75022106
72981728
63228620
46742020
25246152
988988
-23411898
-45270206
-62221526
-72571612
-75268144
-70041268
-57402094
-38575994
-15619632
8978618
32624344
52740294
67197460
74626162
74180052
65821020
50491592
29779338
5875402
-18636636
-41134394
-59219832
-71018674
-75345004
-71735832
-60509126
-42836286
-20544428
3961596
28049214
49143298
64965328
73782394
74788356
67989326
54027158
34232568
10776668
-13811924
-36969614
-56175298
-69338632
-75192846
-73136466
-63310766
-46744526
-25198624
-936174
23405220
45201270
62093614
72395896
75106966
69951892
57367944
38646148
15760670
-8882118
-32624210
-52806514
-67247872
-74507702
-74010860
-65790282
-50533756
-29794792
-5898000
18587446
41136264
59306844
71076436
75214150
71490780
60341752
42727570
20446248
-4023048
-28085544
-49146890
-64893674
-73714574
-74801234
-68074822
-54115934
-34319580
-10864424
13751234
36926644
56138736
69331196
75161088
73077588
63298434
46807022
25296842
1061708
-23348334
-45240946
-62244456
-72561820
-75195626
-69934514
-57324248
-38549798
-15627278
8972458
32611170
52756430
67276332
74697324
74247996
65880730
50464004
29760226
5914928
-18611308
-41156312
-59272732
-71063004
-75259224
-71577314
-60401882
-42755692
-20484038
3995876
28084416
49126744
64856158
73722606
74875910
68144898
54110884
34269406
10778400
-13831868
-36963176
-56130120
-69301654
-75134882
-73087192
-63328822
-46803634
-25222306
-1000836
23299226
45130998
62142186
72510632
75217906
69965922
57296512
38572658
15714326
-8893346
-32601366
-52762228
-67171178
-74407310
-73957694
-65744362
-50448760
-29714316
-5845858
18612956
41107976
59267154
71111974
75307662
71534264
60315744
42718488
20501382
-3938560
-28007872
-49129316
-64922962
-73718026
-74753710
-67989748
-54035570
-34275942
-10790068
13870706
37070516
56229512
69321684
75150262
73141236
63365528
46824644
25268588
1010454
-23350484
-45218448
-62232926
-72580420
-75215848
-69962140
-57363140
-38639196
-15696080
8959182
32607686
52740110
67255912
74593856
74024952
65686928
50414648
29754214
5880276
-18617272
-41113638
-59224764
-71019546
-75300106
-71653940
-60442244
-42792936
-20541010
3944988
27983988
49033724
64867200
73783276
74873284
68065152
54077374
34318832
10874242
-13777526
-36954514
-56173830
-69388512
-75156132
-72964070
-63159484
-46761628
-25304184
-1024584
23365536
45210182
62252694
72670284
75297722
69981882
57341856
38602734
15713740
-8902098
-32550366
-52676858
-67180314
-74607092
-74130804
-65754978
-50401164
-29714634
-5830234
18695270
41228798
59354000
71096254
75270516
71592892
60441124
42814174
20613538
-3871996
-27997766
-49113536
-64931466
-73815316
-74812334
-67946750
-53972114
-34254806
-10805766
13828166
36975192
56161458
69275516
75013288
72935548
63241098
46774400
25236834
994756
-23354138
-45231588
-62280212
-72648698
-75318058
-70105694
-57479556
-38662392
-15699970
8886560
32538270
52726334
67221424
74565012
74059830
65747726
50459868
29773930
5884646
-18672020
-41269870
-59397872
-71076908
-75219872
-71556486
-60413468
-42772234
-20523748
3965864
28049794
49107300
64896018
73748036
74773070
67916668
53909868
34224164
10799512
-13872838
-37027316
-56093544
-69236266
-75130228
-73093740
-63267530
-46732560
-25198418
-949798
23368306
45179830
62192590
72527984
75209514
70088392
57512552
38675504
15708456
-8914856
-32591544
-52745434
-67195770
-74471594
-73947368
-65696158
-50467494
-29803024
-5877686
18691450
41221842
59292424
71014466
75261704
71658204
60468458
42729810
20411846
-4012918
-27987130
-49047618
-64857870
-73659610
-74699654
-67954320
-53979242
-34221194
-10787182
13806400
36919376
56054510
69277444
75187434
73104974
63304308
46818110
25308106
1042844
-23360388
-45265918
-62276740
-72584176
-75172410
-69924744
-57334142
-38601328
-15672582
8944920
32624726
52798144
67286310
74550230
73871702
65514780
50364364
29794094
5940690
-18564452
-41118632
-59280326
-71091076
-75354930
-71682314
-60434798
-42756132
-20490416
3978504
28033312
49054688
64811474
73661368
74765926
67987606
54028058
34314692
10865652
-13827488
-37015928
-56186904
-69342244
-75138618
-72986360
-63178466
-46712846
-25222584
-946822
23415812
45262780
62242886
72552326
75196578
70042826
57481064
38700526
15727578
-8898334
-32561212
-52696934
-67134846
-74455236
-74008418
-65785034
-50535254
-29815748
-5902142
18624204
41143486
59257908
70949510
75144072
71548578
60441660
42813296
20511962
-4028978
-28063816
-49060316
-64870322
-73750430
-74803762
-68008410
