             20
         249860
        9817655
       54616014
      101857349
      149673545
      207961385
      223882205
      310883591
      312716040
      370011032
      456750478
      375684107
      616104080
      412775659
      648851482
      647608150
      378725500
     7957661936
    22337528044
    35729809411
    48964312534
    62263591625
    74996204734
    87797970094
   100074859838
   111936194705
   123153161507
   133770773681
   144223079995
   154030884153
   162868387022
   171037716887
   178575926640
   185132650054
   190955981980
   196474985214
   201021097108
   204197710370
   206467624612
   208091598754
   209236652662
   209159964722
   207511805914
   205760688218
   203754418482
   200070826300
   195276688638
   190092407190
   184367616598
   177788972760
   170076867324
   161630343144
   152606803478
   142841637392
   132465934518
   121550208842
   110090072368
    98089081960
    85734135540
    73164743568
    60297644780
    47083781802
    33419959200
    19571227744
     5921259724
    -7870786662
   -21812887852
   -35334622848
   -48582678138
   -61820653580
   -74737211660
   -87373066816
   -99762453728
  -111602035126
  -122912671776
  -133749646696
  -144113587168
  -153824510032
  -162769342798
  -170985383098
  -178297185364
  -184930537010
  -191044416934
  -196282291794
  -200638270194
  -204020211782
  -206087504902
  -207577086936
  -208726182626
  -208771922334
  -207921500842
  -206110982296
  -203291031398
  -199847231276
  -195404029448
  -190127080624
  -184364977144
  -177605901852
  -169862648872
  -161517340320
  -152451844452
  -142813567020
  -132654992000
  -121739134404
  -110188475562
   -98165857442
   -85872238370
   -73288125824
   -60158583746
   -46817468500
   -33540004796
   -19888276562
    -5901571494
     7928523594
    21618473916
    35220760334
    48655889996
    61846235444
    74695027318
    87355420416
    99774374640
   111679764324
   123028742138
   133858735936
   144211077092
   153921200990
   162742711106
   170815214338
   178387578482
   185373422092
   191352732486
   196394720820
   200729093630
   204015073652
   206462866050
   208185922252
   208930781642
   208824043336
   207914106810
   206263274924
   203562681566
   199660604376
   195288351884
   190596969960
   184616395482
   177359820880
   169820164146
   161804963288
   152682200008
   142711078142
   132367544492
   121602101362
   110214609940
    98327777778
    86070217374
    73349959622
    60176347240
    46730075914
    33239259106
    19813775450
     6148898200
    -7835508856
   -21623369842
   -35062050010
   -48528145514
   -61936755814
   -74774275314
   -87236126248
   -99693056144
  -111765920972
  -123171702560
  -133915689022
  -144152620358
  -153968567050
  -162913446838
  -170922547180
  -178436120582
  -185319998354
  -191176566544
  -196121535390
  -200445261612
  -203987560428
  -206505628010
  -208044750878
  -208625109058
  -208523475940
  -208021341922
  -206517539952
  -203584143218
  -200030911176
  -196068562480
  -190792362210
  -184407789386
  -177612376344
  -169924474736
  -161300991554
  -152475196718
  -142970698122
  -132366881692
  -121448720740
  -110196805030
   -98278697024
   -86041889544
   -73292504922
   -60034824496
   -46801626222
   -33371761248
   -19688197458
    -5986123078
     7926828232
    21689856586
    35016027288
    48344402746
    61711459344
    74805874556
    87504384258
    99735235540
   111574358476
   123005799778
   133752101716
   143986313256
   153737046420
   162739886760
   170973082800
   178385215614
   185146711626
   190965054688
   196062159692
   200712890748
   203928905300
   205981536096
   207666096998
   208716505376
   207604294430
   204661990382
   203289659438
   201680304892
   197298586056
   193585636252
   190192905828
   184499838126
   177561876764
   169959166548
   161707460198
   152807742776
   143041709408
   132563935240
   121435209152
   109974521952
    98180889854
    85900771438
    73211745558
    60175684638
    47063678436
    33773355532
    20090963644
     6259010580
    -7632315282
   -21577138564
   -35260151136
   -48613360798
   -61776629566
   -74651848454
   -87273670768
   -99592402068
  -111599410094
  -123344749988
  -134283024210
  -144264035058
  -153712433178
  -162659703740
  -171042334626
  -178639356516
  -185355322044
  -191471461658
  -196627230950
  -200579602220
  -203833044668
  -206387856606
  -207872897650
  -208417712298
  -208300790514
  -207439795764
  -205694800026
  -203274770254
  -200151913676
  -195753680798
  -190334706994
  -184428451956
  -177634003130
  -169900496054
  -161539533054
  -152593724792
  -143017148450
  -132732610956
  -121823016430
  -110177677956
   -97974900050
   -85741513598
   -73260662850
   -60339999684
   -47094445758
   -33597318018
   -20049202202
    -6209496020
     7736541798
    21353467598
    34928254824
    48422852144
    61674790616
    74725845208
    87427206388
    99706687446
   111598697022
   123039562840
   133881272242
   144081697638
   153630099742
   162517876992
   170732597552
   178200747684
   185100664650
   191482067518
   196530484746
   200345372708
   203779514420
   206349581022
   207979624828
   209054887742
   209091794804
   207936347526
   205934949210
   203302688136
   200029010284
   195668028030
   190288323006
   184400990362
   177536658204
   169733594242
   161540732240
   152490002450
   142572877960
   132385174250
   121696485646
   110285872706
    98374443982
    85940017336
    73217242082
    60397986084
    47199384226
    33577519924
    19802227776
     5931438184
    -7934760948
   -21630810472
   -35273478748
   -48735356520
   -61926338534
   -74806008410
   -87340975286
   -99684581592
  -111565607728
  -122991114622
  -133914544266
  -143925783558
  -153484108746
  -162879021494
  -171374672834
  -178642638512
  -185187637444
  -191234780080
  -196482871220
  -200539213736
  -203637793590
  -206341763990
  -208166092908
  -208678636628
  -208484174264
  -207848610952
  -206272291364
  -203586544966
  -200120738174
  -195739225184
  -190244382352
  -184066772042
  -177356700980
  -169845109166
  -161606408638
  -152571433932
  -142733340198
  -132482324002
  -121706888932
  -110198986994
   -98203434462
   -85918042114
   -73220213630
   -60188651634
   -47116672414
   -33661211726
   -19818994510
    -6027557802
     7889602226
    21687973350
    35048143068
    48370941620
    61710063506
    74755216624
    87506761528
    99991507448
   111900133468
   123138883974
   133896142274
   144078939022
   153602874464
   162667042572
   171119195368
   178691527106
   185550231394
   191395304068
   196245890050
   200629625474
   204164248114
   206464571724
   207830210064
   208596661550
   208646601364
   207821719516
   206248739144
   203712322136
   200001796826
   195507953508
   190305066526
   184157854994
   177357135702
   169846492672
   161427624226
   152365944148
   142646905248
   132235863338
   121337140610
   110023724854
    98285728276
    86071558492
    73357964756
    60190201672
    46738604796
    33286007714
    19772494816
     5998803814
    -7783831834
   -21381167392
   -34991867720
   -48675649084
   -62215554022
   -75255236668
   -87673299250
   -99756693904
  -111558659978
  -122942059780
  -133821973588
  -144149465602
  -153960131184
  -162882922854
  -170800875702
  -178214396944
  -185160364344
  -191115005156
  -195987966328
  -200384270128
  -204091187894
  -206373009992
  -207731158218
  -208570788860
  -208548675260
  -207825947428
  -206157965344
  -203197020664
  -199541961392
  -195319325672
  -190312528608
  -184452037680
  -177533414940
  -169727254710
  -161346804604
  -152463583830
  -142820286988
  -132465009862
  -121631239252
  -110239269274
   -98439081828
   -86059795088
   -73131699436
   -60315162422
   -47262600258
   -33474534990
   -19598648950
    -5924823870
     7886762016
    21516248206
    34847689820
    48373294978
    61795339822
    74829643242
    87650590860
    99884804388
   111451122324
   122771768572
   133749331240
   144081083346
   153754448390
   162636534922
   170679595308
   178260804928
   185265442196
   191174495766
   196214835456
   200624813058
   204130658864
   206675517150
   208392438328
   209256281630
   209138853822
   208047497958
   205887195362
   202879577380
   199498756634
   195355411602
   190104861846
   184039178220
   177184678022
   169746508666
   161816675092
   152848867842
   142978550912
   132553295036
   121482272696
   110025649032
    98240704022
    85867505040
    73034257998
    60118635308
    47006781468
    33510202500
    19873493042
     6078353894
    -7782664598
   -21525967256
   -35158512148
   -48437717468
   -61617428574
   -74812993106
   -87460410726
   -99715776048
  -111674183470
  -123009424068
  -133814953280
  -144014224324
  -153492526290
  -162438250620
  -170843988802
  -178464239830
  -185234441222
  -191197076202
  -196228724244
  -200357336888
  -203964042858
  -206802732212
  -208432223846
  -209141977474
  -208781591920
  -207439543448
  -205669834454
  -203229897676
  -199921802468
  -195678089214
  -190334640228
  -184182318278
  -177472755510
  -170011041012
  -161705110208
  -152778278636
  -143049430164
  -132459606130
  -121538513620
  -110235622298
   -98381404704
   -86224346824
   -73632757344
   -60592267204
   -47280264324
   -33547403044
   -19606142948
    -5930496500
     7624186280
    21426824784
    35140766974
    48517252082
    61926247180
    75041252130
    87565602618
    99827364990
   111557694660
   122736810494
   133711036470
   144128679680
   153727455822
   162624843400
   170823748704
   178281468108
   185015342862
   191099204768
   196336162944
   200439547970
   203802075380
   206542038138
   208036484424
   208634594636
   208769043204
   207914231680
   206136144950
   203722496734
   200415796024
   196114655598
   190825787108
   184543125400
   177593269364
   170072321454
   161677382926
   152624256690
   143042456772
   132601005328
   121531030722
   110116833898
    98239790950
    85905908528
    73191897236
    60252269626
    47032264166
    33428027770
    19756148310
     6129530120
    -7660875606
   -21564036312
   -35198260912
   -48520104142
   -61721656162
   -74660634946
   -87390741186
   -99824099768
  -111630371758
  -122978208652
  -133841311820
  -144106876784
  -153902967702
  -162907289856
  -170977173896
  -178291206604
  -184982181280
  -191039649320
  -196059297622
  -200151004540
  -203655838750
  -206288384390
  -208066829184
  -209132052096
  -208973203748
  -207785566068
  -206114081474
  -203477040788
  -200003171904
  -195792132014
  -190461437816
  -184639549764
  -178021875444
  -170101149914
  -161717192440
  -152821951054
  -142893697362
  -132415389238
  -121711575132
  -110425980874
   -98412308640
   -85958749002
   -73300039876
   -60259184362
   -46965166524
   -33682557682
   -20110259836
    -6237057716
     7744485244
    21607685798
    35142559286
    48545510278
    61779072376
    74736401274
    87403048140
    99694323320
   111684627282
   123026552320
   133651431384
   143926123716
   153516172744
   162495503638
   171084546934
   178825088186
   185551311486
   191520832408
   196667826396
   200520448202
   203637457572
   206664352714
   208785771880
   209363279010
   208680894014
   207436061700
   205807410374
   203030733860
   199241059390
   194966132306
   189697674316
   183684875246
   177404341230
   170099417802
   161634593764
   152590670858
   142863603604
   132510539346
   121619687374
   110094375298
    98203097828
    85875662498
    73087498930
    60078197914
    46840197210
    33337929186
    19695964738
     6104657470
    -7477165012
   -21219708914
   -34959248470
   -48364778796
   -61585244130
   -74746189912
   -87509013660
   -99746730198
  -111529784644
  -122873400310
  -133860749682
  -144290159212
  -153794581552
  -162682607672
  -171019786936
  -178456882382
  -185172563594
  -191112648546
  -196171104976
  -200390323876
  -204086987826
  -206266642570
  -205639826074
  -205507957140
  -207853834844
  -208555749372
  -206189167496
  -203313354578
  -199971536544
  -195452745926
  -190242338314
  -184368003826
  -177682704806
  -169918628806
  -161361965064
  -152426009336
  -142729920460
  -132322132096
  -121499800484
  -110172387712
   -98256352302
   -85862539738
   -73186999470
   -60231387954
   -46955188030
   -33344593258
   -19723531814
    -6273529494
     7458114890
    21462732506
    35336156712
    48809809552
    61902829982
    74769530480
    87397468368
    99722701930
   111510372528
   122813761742
   133699841838
   144019236596
   153775307410
   162705600412
   170881012158
   178616948948
   185408393228
   191078013588
   196264989468
   200631433422
   203793695836
   206368010662
   208090139862
   208814050126
   208937402210
   207879739008
   205692817940
   203149451556
   200005393108
   195471754580
   189820778198
   184039493902
   177673042202
   170041674272
   161768157676
   152941863594
   143067800690
   132459945388
   121477861182
   110000926390
    98211332352
    86144437128
    73372838902
    60068537012
    46787131336
    33443878666
    19813613996
     6030184046
    -7757067908
   -21488645812
   -35059349732
   -48405749346
   -61645649050
   -74724104330
   -87481070566
   -99816927554
  -111576494518
  -122803580468
  -133735578974
  -144209039602
  -153797493162
  -162698448546
  -171102113114
  -178573065124
  -185056101636
  -190948807600
  -196264230696
  -200635193906
  -203876000990
  -206240607260
  -207897438016
  -208707865532
  -208740077468
  -208042818908
  -206325179144
  -203470629838
  -199746130754
  -195319548872
  -190314184958
  -184684071700
  -177789823096
  -169830018230
  -161568203446
  -152704965964
  -143129831942
  -132890447316
  -121718696914
  -110082282474
   -98309966064
   -86041206000
   -73330666852
   -60433424514
   -47105226542
   -33450184828
   -19782897450
    -5946342258
     7876620678
    21625574644
    35368875994
    48748678164
    61865085330
    74886468584
    87537573714
    99672129982
   111472625388
   122863754086
   133609723576
   143942389940
   153731001102
   162622414326
   170904502152
   178440219260
   185068727524
   191113514024
   196120955132
   200122777976
   203493221454
   206003944220
   207794546458
   208798590172
   208778599868
   207794946484
   206036393594
   203412600366
   199775071674
   195449960548
   190315397854
   184109754658
   177180068966
   169617059848
   161309239060
   152320922452
   142631659994
   132472419186
   121779603916
   110113993764
    97894393886
    85710177036
    73304833688
    60342063884
    46857448136
    33390502186
    20109384162
     6282499614
    -7797730618
   -21570511180
   -35267317926
   -48581437666
   -61587745512
   -74653545162
   -87394624540
   -99754254012
  -111718447262
  -122991625294
  -133792065470
  -144186722280
  -153923409076
  -162960774906
  -171226664306
  -178557129576
  -185103291310
  -191158599936
  -196445152356
  -200628669964
  -204007147872
  -206529969684
  -207972407036
  -208568610856
  -207444563574
  -204488767468
  -201967116706
  -199940354358
  -197124544834
  -194071852022
