             20
        1001340
       47347415
      263030744
      465067575
      623339365
      771583529
      631092947
      780795729
      430908304
      314230664
      326641810
     -527037733
      286746066
    -1131498997
     -232896502
     -464045654
    -2131987582
    35135316508
   102546761334
   155052600061
   191254776812
   208390282443
   201999616426
   175688012026
   129603851034
    70334833713
     3543029875
   -64405676141
  -124870291999
  -171882925341
  -200849345626
  -208387540985
  -193866379724
  -159032103362
  -107124610948
   -43501865410
    24963642730
    90428469076
   146124970410
   186599430848
   206557657564
   204523047378
   181998566090
   140191147546
    82835676910
    16431544212
   -51735624384
  -114159486828
  -164476930270
  -197255833098
  -208996030198
  -198898993858
  -167737622666
  -118697760386
   -56888932526
    11110704068
    77683207044
   136008167894
   179862130136
   204214794946
   206847626782
   188173627390
   149786602768
    95043004044
    30000335220
   -38458493386
  -102857935644
  -155732820202
  -191860152608
  -208012979644
  -202546427282
  -175686640426
  -129714104504
   -69778716820
    -2655767614
    64939730574
   125645961632
   172643131124
   201109708650
   208229688992
   193819239830
   159153967596
   107080848674
    43452098076
   -24830989176
   -90639816872
  -146506367674
  -186595196280
  -206848106520
  -205079362304
  -181958363434
  -139894989496
   -82726945638
   -16526762080
    51629010724
   114465769940
   164661564510
   196930422266
   208764505866
   199024294884
   167804053556
   118497269312
    57027807198
   -10704786674
   -77565741180
  -136034295980
  -180126870450
  -204687684974
  -207206538490
  -188487482072
  -149953795390
   -95064976494
   -30201340974
    38144904526
   102533908070
   155724911744
   192386003358
   208291078356
   202348778816
   175536374516
   129798187830
    70032774182
     2770091952
   -64871180894
  -125382883186
  -172527061224
  -201103720712
  -207861833398
  -193209783380
  -158847794002
  -107168923720
   -43602136214
    24588561266
    90319151558
   146404898412
   186395204648
   206545927816
   205373708928
   182499423896
   140039938872
    82757091522
    16514624468
   -51605253936
  -114130510602
  -164501042382
  -197185015008
  -208804810966
  -198686003118
  -167696973650
  -118698548702
   -57068115904
    10844573118
    77864276904
   136299370818
   179985389242
   204534159246
   207399978292
   188616106358
   149994532486
    95135897794
    29945334634
   -38435825852
  -102665991712
  -155991282568
  -192642960550
  -208562737784
  -202461093628
  -175305885876
  -129642435182
   -69848329350
    -2458560372
    64932801634
   125383324178
   172581351986
   201168598652
   208426923500
   194027198090
   159113120766
   107127176948
    43562584992
   -24804578750
   -90315406706
  -146122932054
  -186411983142
  -206603079202
  -205092484424
  -182309795248
  -140003535360
   -82577388594
   -16480329208
    51496042120
   114273071910
   164714679084
   197502608022
   209239313190
   198620601278
   167308632140
   118467874842
    56759107248
   -11122016320
   -77817456054
  -136088623750
  -179808406998
  -204607932926
  -207667475692
  -188768863480
  -150035014644
   -95118113046
   -29939685008
    38487664690
   102836719426
   155936733396
   192237495204
   208149754310
   202418548392
   175595459300
   129977849936
    70174762860
     2680815632
   -64935549692
  -125398340298
  -172529336472
  -201242236980
  -208381912012
  -193870860414
  -159290290830
  -107292403792
   -43415121288
    24869350040
    90354776546
   146315426536
   186527760698
   206622761666
   205026491716
   182053770462
   139789251116
    82454248988
    16073897038
   -51976477936
  -114427181184
  -164646621986
  -197274056706
  -209193944500
  -199060988932
  -167854795816
  -118844755178
   -57007414934
    10998049974
    77828775232
   136267974930
   179914466218
   204243029426
   207291416486
   188827171768
   150106878678
    95100527428
    29914047064
   -38565009000
  -102935766482
  -156016261976
  -192292406546
  -208248689192
  -202350276272
  -175236000938
  -129560627248
   -70104092728
    -3025471864
    64774543068
   125553944202
   172630572390
   201302910158
   208276352702
   193243183828
   158396904076
   106760857640
    43361861052
   -24804453888
   -90414309772
  -146254535742
  -186232079024
  -206613331732
  -205431580492
  -182564072542
  -140227503008
   -82652784794
   -16163779702
    51798482492
   114188244554
   164374716544
   196813419716
   208594804262
   198833305086
   167967539956
   118848553778
    56931555614
   -10948898492
   -77720047558
  -136237485980
  -179966707508
  -204374494448
  -207259708106
  -188570993448
  -149834753584
   -94783074282
   -29728448726
    38386517072
   102457188564
   155613489464
   192266367068
   208404418732
   202514209286
   175418169630
   129711099196
    70083935114
     2847660648
   -64899158798
  -125676460820
  -172699213176
  -201194737212
  -208590107662
  -194082944912
  -159011352278
  -107103011868
   -43630111058
    24763181858
    90438408420
   146274087082
   186380592296
   206625382978
   205376202206
   182506861142
   139955913044
    82734045164
    16632437498
   -51681692850
  -114404898752
  -164627273874
  -196949778144
  -208412707588
  -198409217674
  -167591076434
  -118770036410
   -57148979744
    10834450660
    77800187792
   136374120786
   180145901116
   204351045458
   207185164794
   188746041250
   150091691526
    95049410610
    30040185558
   -38130244394
  -102471380114
  -155698896992
  -192119782980
  -208192983356
  -202272902126
  -175206340594
  -129631598520
   -69980012268
    -2727993446
    64811170892
   125466238378
   172553127330
   201051588346
   208593203906
   194323315610
   159230689442
   107120661388
    43529304764
   -24708433590
   -90194732356
  -146198449682
  -186528308874
  -206794702684
  -205315845760
  -182282434162
  -140104819316
   -82870553914
   -16240790604
    52101219452
   114517569482
   164739336566
   197405952310
   208965243564
   198687572882
   167627721770
   118601378302
    56743273474
   -11286488618
   -78024137970
  -136380511138
  -180139591996
  -204559205372
  -207512317312
  -188690879058
  -149701171530
   -95029502166
   -30481555320
    37807569946
   102374514046
   155641077100
   192095838110
   208346513338
   202665538720
   175393064444
   129546957452
    69967381400
     2748930844
   -64847515642
  -125408498750
  -172337467284
  -200970264734
  -208488773848
  -194052686300
  -159221515180
  -107309570792
   -43642997494
    24749088786
    90305797398
   146172745248
   186610943868
   206853680102
   204939093276
   181886032572
   139914238518
    82905342620
    16664234348
   -51664122804
  -114326560524
  -164444523522
  -196777468934
  -208178222254
  -197905803484
  -166957316894
  -118207512352
   -56690446984
    11223170072
    77955188076
   136103465484
   179705826404
   204194668064
   207225721488
   188474003986
   149831411950
    95125614992
    29919842280
   -38391122110
  -102547599752
  -155719160162
  -191991156970
  -207960432338
  -202345917338
  -175265525510
  -129318873890
   -69761976696
    -2707855560
    64840292548
   125409552972
   172453882616
   201022235198
   208405146842
   193944392612
   158973435198
   106906437780
    43419615976
   -24702433026
   -90442578558
  -146451485760
  -186839947934
  -206664778672
  -203804179882
  -180828163976
  -139774702404
   -82896567592
   -16432220864
    51735733952
   114204841962
   164471245352
   197096098876
   208654026854
   198420293548
   167413642092
   118582901616
    57052243006
   -10862647978
   -77758741912
  -136177194470
  -180035392968
  -204652506088
  -207449804922
  -188569300872
  -149905880040
   -94964451244
   -29688170212
    38539876548
   102576022188
   155647857434
   191906115996
   207965381190
   202396245652
   175364395864
   129653746548
    70064280548
     2785493432
   -64976073044
  -125625802700
  -172541595460
  -201231340078
  -208698162796
  -194208096646
  -159277549360
  -107008420728
   -43268317198
    24850784430
    90535199534
   146333098276
   186242188680
   206935048608
   205781523210
   182502625634
   140045509740
    82621642092
    16265413734
   -51696460668
  -114110414844
  -164248240480
  -196891852152
  -208921892108
  -198944751230
  -167822472596
  -118840685926
   -57007388406
    11007171946
    77774727428
   136325066468
   180250145326
   204622567498
   207284067186
   188519313080
   149924068754
    94948997984
    29844177480
   -38242732736
  -102547066712
  -155873316836
  -192241794958
  -208468181418
  -202863195036
  -175576031760
  -129650806012
   -69904072890
    -2593956512
    64956517810
   125419864078
   172220443236
   200691394980
   208225481482
   194002531922
   159141281008
   107190724232
    43774836230
   -24602503284
   -90536701880
  -146554003828
  -186531671782
  -206523478898
  -205135732034
  -182516968294
  -140243980980
   -82600294768
   -16321176988
    51504948506
   114071481976
   164555309284
   197196992558
   208504503450
   198107677868
   167424738816
   118599500254
    56675843280
   -11129093610
   -77884362548
  -136380354004
  -179995986044
  -204369985240
  -207340191030
  -188803911766
  -150166907958
   -95164014650
   -30124202964
    38099991010
   102444402004
   155733221484
   192272194686
   208407303282
   202606809328
   175557510778
   129832029588
    70180411060
     2988121744
   -64760762842
  -125549137032
  -172649945310
  -201251391750
  -208453982962
  -193897966982
  -159042489812
  -106952587244
   -43327804004
    24873151482
    90467876972
   146328746736
   186550270036
   207096425874
   205950499804
   182768766840
   139877467862
    82501788436
    16488186148
   -51648950824
  -114163339862
  -164394510262
  -197137615780
  -208638535284
  -198391046360
  -167599251032
  -118617253770
   -56813392676
    11038211948
    77933158788
   136324617810
   179849400802
   204359324696
   207610116964
   189039126110
   150118178864
    95025547874
    29879547304
   -38365873034
  -102523692322
  -155706007930
  -192172693940
  -208313814816
  -202639284668
  -175677969864
  -129862727158
   -69912395772
    -2732544224
    64572222614
   125200070322
   172378704866
   201054898454
   208585823170
   194042213732
   158866234658
   106990459926
    43654084332
   -24651034448
   -90438506224
  -146463953508
  -186323175006
  -206177881948
  -205029341406
  -182451471564
  -139952263620
   -82378831640
   -16193392434
    51615938800
   113969230190
   164369812142
   197307408292
   208846527058
   198247092158
   167269769576
   118551286364
    56860111024
   -10889603168
   -77625428246
  -136336341322
  -180145913706
  -204373337482
  -207218127276
  -188533437900
  -149920605580
   -95107611760
   -29932975112
    38444334588
   102868162492
   156049610288
   192147399284
   208310741208
   202866603210
   175755888300
   129881428810
    70090092630
     2790991402
   -64759449302
  -125431257896
  -172640644228
  -201293286862
  -208530560680
  -193953100214
  -159114391496
  -107240816378
   -43564842172
    24902622458
    90463156386
   146255215570
   186561626692
   206868950732
   205221445928
   182141331254
   139848763986
    82556147388
    16301984132
   -51651108094
  -114021682028
  -164274159754
  -196948456868
  -208770148244
  -198703171194
  -167626130896
  -118726020908
   -57002275394
    10972224524
    77620709372
   135975849214
   179921213152
   204629043602
   207592882440
   188744060562
   149985206926
    95210443798
    30193206200
   -38220961706
  -102506801030
  -155800982460
  -192494430208
  -208442685760
  -202235214062
  -175077456550
  -129754076964
   -70291577442
    -2824894016
    64866930518
   125356899126
   172643261460
   201624007108
   208776847528
   193991731894
   159047575676
   107094240338
    43607833566
   -24688001156
   -90337795102
  -146098856458
  -186263761550
  -206886920386
  -205633545314
  -182343855064
  -139757683836
   -82443450436
   -16186705310
    51864771932
   114342210676
   164660109732
   197226679108
   208609443420
   198471446222
   167678944438
   118749688748
    57202595590
   -10655674600
   -77719234296
  -136232908618
  -180101574720
  -204754167098
  -207427686868
  -188338313704
  -149702080004
   -95077743032
   -29977546132
    38360680406
   102547465344
   155831763008
   192165414518
   207906144742
   202178054018
   175448368440
   129796235048
    69988564714
     2749427286
   -64750904588
  -125450443222
  -172781295754
  -201474159184
  -208782323422
  -194396365308
  -159495887520
  -107245500770
   -43478634910
    24618995792
    90224225472
   146313679090
   186431610208
   206731656764
   205362813530
   182330554880
   139976567012
    82589322162
    16341669540
   -51749714410
  -114513639378
  -164836936788
  -197133886262
  -208446609998
  -198374791084
  -167625639162
  -118654312352
   -56948316396
    10971599136
    77837612702
   136210917310
   180013516254
   204520732936
   207334036418
   188310653726
   149471600776
    94967500266
    30067512772
   -38533915660
  -102798132108
  -155546926662
  -191903940288
  -208359199890
  -202733101796
  -175448623640
  -129615216108
   -69933004844
    -2585690532
    64824447940
   125262672020
   172560667076
   201133016564
   208394125586
   194406042518
   159640359374
   107235602642
    43550906910
   -24703392254
   -90427612896
  -146349407898
  -186398649146
  -206446300962
  -204985855896
  -182207938256
  -140014491022
   -82713764836
   -16317612066
    51881927866
   114366550290
   164482049708
   196914515748
   208598510770
   198720474812
   167806228186
   118532247562
    56542330550
   -11149505498
   -77545198048
  -136037816356
  -180003376690
  -204217373546
  -207042159688
  -188489263104
  -149751430534
   -94902200838
   -29948661478
    38307379504
   102439052540
   155420514024
   192081761014
   208557751048
   202700307514
   175522650988
   129893650128
    70220438476
     2910871896
   -64799283788
  -125580361332
  -172788606286
  -201305556936
  -208373058528
  -193840089636
  -159078581970
  -107108714236
   -43471873630
    24791972716
    90503776866
   146476315224
   186649693386
   206802664296
   204749418380
   181542286138
   139769654922
    82710265134
    16458958422
   -51458351772
  -114043009764
  -164457850038
  -197148392614
  -208937882546
  -198768630450
  -167623372948
  -118597199008
   -56851110962
    11038921656
    77765306068
   136094704682
   179749005212
   204235944536
   207306309126
   188543142630
   149823532106
    95238418176
    30200487296
   -38376768344
  -102723997092
  -155840588468
  -192307301046
  -208367317398
  -202357080906
  -175151721174
  -129613486080
   -70022393554
    -2610891564
    64971200292
   125529415270
   172699299580
   201180698430
   208398501230
   194219013276
   159529186382
   107362478140
    43590935660
   -24681764716
   -90332036642
  -146234249474
  -186177926666
  -206382101210
  -205186411814
  -182488200140
  -140212195712
   -82717234546
   -16327874214
    51645443756
