0
61
2397
13337
24873
36550
50784
54672
75917
76365
90356
111538
91742
150452
100799
158449
158146
92484
1943262
5454829
8725228
11957097
15204784
18314091
21440285
24438305
27334846
30074032
32666855
35219311
37614379
39772499
41767452
43608284
45209438
46631497
47979239
49089401
49865130
50419444
50816019
51095641
51076914
50674433
50246810
49756878
48857344
47686615
46420612
45022616
43416110
41532812
39470169
37266618
34881962
32348213
29682590
26884022
23953377
20936296
17866848
14724699
11497871
8161162
4779298
1445973
-1922048
-5326712
-8628723
-11863901
-15096618
-18250845
-21336524
-24362015
-27253244
-30015304
-32661696
-35192573
-37563982
-39748313
-41754672
-43540216
-45160082
-46653093
-47932183
-48995914
-49821785
-50326619
-50690375
-50970984
-50982154
-50774481
-50332352
-49643719
-48802742
-47717711
-46429079
-45021972
-43371404
-41480500
-39442573
-37228777
-34875107
-32394381
-29728726
-26908052
-23972126
-20970021
-17896978
-14690740
-11432837
-8190477
-4856721
-1441165
1936147
5279236
8600918
11881780
15102865
18240543
21332214
24364926
27272225
30043648
32688336
35216380
37587594
39741809
41713117
43562290
45268234
46728384
47959638
49018093
49820530
50418282
50839053
51020947
50994882
50772675
50369542
49710056
48757168
47689463
46543826
45083368
43311311
41470125
39512811
37285030
34850080
32324186
29695262
26914434
24011667
21018368
17912078
14695078
11411495
8117035
4838528
1501562
-1913433
-5280432
-8562161
-11850584
-15124970
-18259896
-21303083
-24345068
-27293265
-30078559
-32702243
-35202105
-37599161
-39783503
-41739327
-43574144
-45255188
-46685364
-47892926
-48948781
-49813812
-50428724
-50804578
-50946302
-50921483
-50798862
-50431633
-49715297
-48847597
-47879990
-46591541
-45032427
-43372985
-41495598
-39389741
-37234480
-34913479
-32324024
-29657807
-26910086
-23999681
-21011450
-17898047
-14660518
-11428968
-8149392
-4807862
-1461812
1935733
5296668
8550922
11805714
15069953
18267612
21368592
24355368
27246485
30038046
32662295
35161492
37542624
39741120
41751668
43561713
45212872
46633712
47878427
49014136
49799488
50300741
50712111
50968621
50697019
49978508
49643384
49250379
48180362
47273659
46445154
45054905
43360653
41504069
39489001
37315688
34930820
32372145
29654507
26855805
23975797
20976989
17878326
14694916
11492961
8247461
4906218
1528451
-1863813
-5269142
-8610537
-11871394
-15085868
-18229999
-21312251
-24320488
-27252603
-30120818
-32791947
-35229312
-37536613
-39721539
-41768579
-43623774
-45263814
-46757377
-48016417
-48981587
-49776079
-50399964
-50762612
-50895656
-50867103
-50656848
-50230720
-49639748
-48877146
-47803096
-46479781
-45037473
-43378266
-41489742
-39447993
-37263424
-34924822
-32413336
-29749210
-26905415
-23925494
-20938098
-17890271
-14735042
-11500475
-8204473
-4896020
-1516360
1889265
5214522
8529488
11824872
15060998
18248069
21349745
24348397
27252429
30046291
32693839
35184785
37516507
39686905
41692942
43516666
45201627
46759967
47992792
48924388
49763007
50390618
50788675
51051254
51060267
50778106
50289364
49646566
48847133
47782180
46468454
45030766
43354495
41448985
39448286
37238095
34816331
32328491
29718311
26931837
24023063
20986573
17879668
14749202
11526101
8199638
4835708
1448458
-1937670
-5282249
-8613792
-11901185
-15122426
-18267645
-21328687
-24342999
-27244348
-30034460
-32701964
-35146711
-37480856
-39775096
-41849736
-43624575
-45222866
-46699579
-47981165
-48971724
-49728398
-50388709
-50834210
-50959374
-50911886
-50756681
-50371743
-49715883
-48869533
-47799566
-46457724
-44949150
-43310549
-41476217
-39464324
-37257981
-34855516
-32352215
-29720851
-26910619
-23981302
-20981206
-17880394
-14698083
-11505902
-8220076
-4839803
-1471931
1926642
5296208
8558765
11812195
15069612
18255242
21369172
24417950
27326039
30070545
32697470
35184112
37509859
39723331
41787349
43636514
45311411
46738779
47923294
48993803
49856959
50418698
50752188
50939355
50951551
50750114
50365992
49746598
48840487
47743089
46472543
44971393
43310655
41476554
39420665
37207800
34834409
32292030
29630559
26867820
24001398
21018695
17914032
14698461
11413578
8128451
4828448
1464909
-1900813
-5221286
-8545022
-11886605
-15193053
-18377347
-21409841
-24360609
-27242652
-30022481
-32679358
-35201334
-37597101
-39776049
-41709615
-43519999
-45216206
-46670330
-47860309
-48933887
-49839117
-50396339
-50727999
-50933037
-50927637
-50751147
-50343825
-49620762
-48728195
-47697027
-46474365
-45043232
-43353703
-41447437
-39400929
-37231644
-34876748
-32347987
-29702378
-26920456
-24038847
-21015822
-17858778
-14728977
-11541538
-8174489
-4785994
-1446843
1925949
5254273
8509814
11812770
15090437
18273417
21404295
24391893
27216391
29980895
32661619
35184635
37546873
39715881
41679998
43531332
45241866
46684858
47915710
48992628
49848756
50470211
50889484
51100435
51071759
50805249
50277703
49543242
48717645
47705839
46423653
44942412
43268541
41452138
39515671
37325730
34915397
32369547
29666000
26868290
23990403
20968865
17834983
14680985
11479067
8183199
4853111
1484335
-1900528
-5256646
-8585717
-11828502
-15046991
-18269351
-21357853
-24350616
-27270862
-30038931
-32677644
-35168308
-37482912
-39667460
-41720143
-43581010
-45234295
-46690372
-47919102
-48927310
-49808069
-50501277
-50899199
-51072521
-50984515
-50656787
-50224623
-49628790
-48820952
-47784637
-46479765
-44977367
-43338890
-41516737
-39488427
-37308492
-34932705
-32346668
-29679734
-26919565
-24024763
-21056006
-17981137
-14796646
-11545852
-8192284
-4787824
-1448228
1861828
5232435
8581383
11847924
15122404
18325092
21383541
24377866
27242416
29972359
32652267
35196258
37540282
39713026
41715201
43536378
45180791
46666472
47945338
48947386
49768516
50437616
50802560
50948618
50981451
50772706
50338496
49749083
48941586
47891246
46599703
45065476
43368319
41531702
39481656
37270880
34931002
32381197
29677907
26890557
23990180
20978243
17873479
14713618
11485290
8163132
4824456
1496832
-1870787
-5265942
-8595423
-11848621
-15072443
-18232145
-21340840
-24377069
-27260164
-30031308
-32684081
-35190934
-37583142
-39781999
-41752667
-43538756
-45172693
-46651929
-47877728
-48876924
-49732805
-50375673
-50809970
-51070098
-51031307
-50741285
-50333109
-49689143
-48840823
-47812486
-46510729
-45089023
-43472985
-41538742
-39491377
-37319157
-34894675
-32335870
-29721996
-26966051
-24032309
-20991147
-17899887
-14715307
-11468905
-8225288
-4910930
-1523091
1891205
5276602
8581821
11854825
15086464
18250647
21343845
24345378
27273413
30043114
32637712
35146794
37488686
39681441
41778888
43669130
45311675
46769434
48026331
48967142
49728316
50467485
50985536
51126563
50959925
50655936
50258219
49580154
48654715
47610777
46324218
44855891
43322183
41538319
39471207
37262679
34887326
32359106
29699557
26885073
23981220
20970857
17847985
14671110
11438387
8141130
4809759
1490758
-1825925
-5181858
-8537057
-11810690
-15039131
-18253037
-21369722
-24358175
-27235600
-30005714
-32688827
-35235692
-37556674
-39727132
-41763073
-43579214
-45219185
-46669755
-47905031
-48935366
-49838092
-50370364
-50217295
-50185093
-50757957
-50929364
-50351445
-49649170
-48833098
-47729608
-46457225
-45022711
-43390159
-41494170
-39404631
-37222468
-34854681
-32313096
-29670280
-26904123
-23994225
-20967653
-17872283
-14708519
-11466468
-8142757
-4816491
-1531997
1821273
5241204
8629098
11919367
15116686
18258737
21342483
24352308
27230860
29991150
32649534
35169532
37551967
39732747
41729184
43618302
45276774
46661297
47927958
48994245
49766470
50395118
50815662
50992442
51022564
50764283
50230236
49609145
48841365
47734250
46354280
44942489
43387800
41524218
39503823
37348440
34937191
32346751
29664923
26862253
23983231
21036492
17917665
14668751
11425428
8167003
4838489
1472572
-1894277
-5247532
-8561501
-11820695
-15053882
-18247644
-21362898
-24375318
-27247007
-29988664
-32658261
-35215882
-37557385
-39731000
-41783177
-43607586
-45190745
-46629745
-47927773
-48995163
-49786569
-50364006
-50768605
-50966511
-50974377
-50804107
-50384659
-49687577
-48778053
-47697081
-46474770
-45099895
-43416318
-41472531
-39454994
-37290589
-34952339
-32451879
-29723735
-26882120
-24007317
-21011283
-17907366
-14757857
-11503107
-8168543
-4830988
-1452098
1923472
5280970
8637088
11904439
15107468
18287293
21376696
24339958
27221642
30003358
32627527
35150766
37541148
39712433
41734921
43575145
45193828
46669966
47892785
48870031
49693094
50306213
50743478
50988666
50983785
50743576
50314137
49673406
48785121
47728928
46475066
44959647
43267416
41420527
39391755
37196806
34830686
32349797
29738609
26889864
23905834
20930446
17901058
14735546
11442600
8153968
4910716
1534187
-1904207
-5267524
-8612287
-11863598
-15039742
-18230413
-21341788
-24360013
-27281672
-30034584
-32672055
-35210432
-37588134
-39795061
-41813593
-43603694
-45202268
-46680976
-47971954
-48993570
-49818595
-50434669
-50786912
-50932505
-50658013
-49936206
-49320419
-48825483
-48137861
-47392393
