0
-407
-8255
-17933
-14717
-29685
-26669
-34032
-49778
1207
-57317
35461
-3202
-21625
130562
-202479
337095
-825969
-4067929
-4731721
-5616416
-8042880
-9682458
-10554223
-9574432
-6767312
-2908318
1158996
4229859
5525480
4470472
1300046
-3396222
-9023084
-14864793
-20364649
-25006594
-28169705
-29159169
-27133143
-21515746
-12495439
-985201
11370194
22194423
29130758
30662050
26491024
17943099
7545349
-1792164
-7350332
-7687089
-3206807
4159529
11459902
15775898
15371702
10197052
1839827
-6997549
-13423394
-15489646
-12938260
-7036287
-102696
5126561
6709921
4262449
-1136093
-7286630
-11741365
-12760404
-9785715
-3686125
3555530
9706246
13127601
13312083
10935673
7591759
5061551
4408012
5779864
8477383
11057797
12120628
11038379
7965010
3903535
428794
-1209516
-462755
2371854
6156638
9485883
11187852
10675582
8244349
4900064
1778788
-243592
-767481
-133907
748496
991342
94460
-1937269
-4554925
-6926813
-8272493
-8194396
-7023711
-5514211
-4437228
-4474158
-5801500
-7904235
-9814658
-10561496
-9600392
-6864299
-2899737
1178084
4239379
5441864
4380847
1251106
-3406001
-8995370
-14859098
-20335869
-24934333
-28137808
-29121505
-27075026
-21529582
-12499305
-896169
11453079
22244034
29154754
30619083
26483811
17994538
7531080
-1838364
-7352629
-7641581
-3130261
4171400
11351595
15667194
15321234
10094439
1696545
-7074469
-13466946
-15506473
-12853670
-6952494
-130876
5082703
6687331
4218304
-1161911
-7328766
-11814730
-12770119
-9755407
-3643206
3584203
9646921
13024091
13217815
10921492
7654543
5054678
4370499
5803056
8437605
10932782
12025027
10988802
8018721
4015486
407689
-1319832
-559303
2277891
6144578
9561113
11241738
10728883
8306383
4891277
1716616
-251261
-664882
-10597
810265
1059493
175250
-1924236
-4573334
-6894711
-8207607
-8165682
-6978583
-5391641
-4340801
-4461122
-5832929
-7914256
-9784310
-10565164
-9605029
-6813216
-2869201
1152395
4214811
5461512
4407217
1225764
-3449790
-9027317
-14889799
-20358152
-24990931
-28197470
-29089508
-27007338
-21536581
-12587624
-963606
11449161
22237721
29162289
30669095
26496026
17924186
7468677
-1835454
-7369061
-7710601
-3222649
4108646
11415960
15749733
15284768
10086072
1787136
-6995026
-13418762
-15491668
-12881782
-6953692
-91837
5136179
6768741
4269191
-1169278
-7297095
-11739765
-12723125
-9724525
-3613237
3633098
9711604
13071671
13236938
10855836
7534346
4975590
4329798
5773496
8458124
11065198
12185969
11056838
8010348
3993955
439311
-1240466
-495522
2337765
6174038
9509034
11202908
10768106
8342080
4886214
1748634
-186335
-707537
-129544
779944
1078070
165791
-1911764
-4570565
-6934484
-8238101
-8193583
-7020942
-5437371
-4375967
-4474025
-5853480
-7982847
-9855760
-10574050
-9584965
-6821954
-2882920
1203831
4273979
5446628
4401926
1244667
-3475881
-9056326
-14920751
-20454150
-25095962
-28237581
-29124386
-27055118
-21474956
-12447726
-924762
11414473
22249013
29182656
30636369
26446236
17925479
7486746
-1849079
-7346326
-7646922
-3168212
4136697
11392936
15761042
15390451
10171720
1794700
-6996197
-13388961
-15494477
-12945402
-6978741
-76587
5099602
6708752
4230105
-1211878
-7362402
-11795675
-12735492
-9727972
-3650685
3566524
9649638
13033216
13231058
10887118
7599025
5041430
4341566
5775277
8477572
11013773
12119835
11073556
7992415
3905801
403453
-1246546
-511850
2361959
6194584
9504357
11200466
10712846
8275342
4886965
1736915
-248723
-709563
-47576
834544
1077867
178800
-1861350
-4524469
-6939962
-8260359
-8157424
-6958534
-5421005
-4398146
-4512239
-5869952
-7953483
-9851863
-10612286
-9600806
-6830839
-2904102
1200207
4264536
5406687
4385630
1293022
-3440155
-9071325
-14888348
-20378476
-25051205
-28234876
-29157784
-27089788
-21526872
-12492462
-906632
11441087
22260611
29197658
30700992
26560031
17946699
7415160
-1876006
-7340685
-7654938
-3153610
4171985
11394382
15727222
15401614
10247336
1847490
-7005634
-13433948
-15511395
-12874830
-6918079
-67713
5120845
6700070
4238035
-1179550
-7386225
-11838810
-12805409
-9790508
-3655519
3576203
9696041
13105340
13283074
10937403
7631559
5069128
4394464
5813483
8515074
11068173
12105409
10929481
7858373
3934103
490316
-1217842
-526429
2319799
6156193
9515248
11244771
10741711
8315470
4973521
1823659
-203157
-722464
-114417
782281
1061408
102556
-2006027
-4588594
-6881006
-8209753
-8202231
-7051686
-5460422
-4369338
-4472826
-5800729
-7861951
-9820606
-10606923
-9543849
-6746389
-2856961
1170746
4234559
5447945
4423929
1275348
-3486213
-9068276
-14817682
-20323727
-24987859
-28130201
-29092636
-27081299
-21557474
-12566539
-950803
11427272
22172622
29085096
30633064
26499126
17923560
7460452
-1836891
-7384316
-7778438
-3267582
4123159
11349789
15652485
15279502
10088576
1764982
-7004195
-13420503
-15510688
-12915043
-6948558
-43548
5185233
6817939
4334892
-1139102
-7351462
-11821567
-12744470
-9678462
-3597438
3591645
9672948
13018764
13200379
10891844
7601392
5035574
4345377
5756125
8445830
11012935
12140715
11079564
7999173
3922391
374940
-1297520
-564406
2273656
6157846
9546966
11221559
10699770
8244817
4847205
1721541
-283160
-800140
-137505
755103
1011735
157716
-1884138
-4560505
-6953703
-8291298
-8239457
-7058466
-5473687
-4381528
-4473938
-5813843
-7864193
-9796555
-10616600
-9606324
-6819982
-2891483
1200941
4283629
5457085
4387367
1249877
-3446299
-9030771
-14882091
-20426942
-25028613
-28159123
-29167245
-27135088
-21509677
-12476500
-928347
11433551
22228168
29123609
30609925
26473560
17944200
7500156
-1814126
-7391506
-7752773
-3211763
4137945
11367607
15662377
15283558
10136693
1796940
-7007398
-13442402
-15557952
-12991959
-7024225
-66178
5155961
6759486
4315101
-1145608
-7376706
-11824694
-12724302
-9689562
-3629663
3583605
9706232
13085396
13266703
10943325
7599327
4987219
4329051
5781859
8482074
11015433
12136669
11138286
8057562
3946436
409487
-1265314
-525273
2318232
6170753
9549353
11239139
10747228
8318605
4895902
1764890
-161951
-684222
-129202
765682
1042094
114420
-1961558
-4597620
-6946604
-8243876
-8139155
-6989711
-5510796
-4447602
-4519360
-5893822
-7990541
-9872781
-10575377
-9546178
-6822523
-2893568
1196358
4228921
5399775
4330599
1156988
-3490663
-9020234
-14896674
-20411069
-25003960
-28190327
-29194084
-27126539
-21506770
-12505377
-912311
11503847
22250535
29130506
30665803
26515778
17926685
7438336
-1877113
-7396446
-7770884
-3275158
4155517
11462651
15754938
15364662
10190535
1786861
-7056497
-13454408
-15500972
-12869314
-6947899
-109625
5156435
6833512
4327385
-1160292
-7353613
-11810463
-12742447
-9686297
-3592051
3597299
9678074
13073418
13243522
10844915
7571722
5124904
4461852
5787844
8407898
10941049
12088487
11047412
7961177
3983288
506405
-1214612
-489026
2346570
6156360
9498517
11222821
10752735
8310019
4940373
1779446
-262839
-737828
-107496
787909
1113291
176941
-1950760
-4570249
-6892417
-8220519
-8217161
-7090600
-5518523
-4417660
-4483812
-5799357
-7880088
-9832374
-10605344
-9569249
-6778921
-2851089
1190995
4234389
5428479
4410992
1301082
-3421922
-9047906
-14866183
-20366686
-25058365
-28210955
-29097220
-27052917
-21478759
-12440904
-917183
11416074
22254721
29203086
30692991
26492293
17895373
7463704
-1811746
-7328574
-7657461
-3161510
4202903
11500552
15769823
15317866
10163185
1810259
-7034426
-13409858
-15455944
-12938689
-7041463
-109577
5147241
6786247
4285604
-1198815
-7352384
-11789948
-12746563
-9710205
-3621773
3631729
9792354
13123566
13208964
10873279
7611498
5057650
4364864
5764141
8469884
11022092
12076199
10957504
7905840
3921036
435823
-1196411
-463182
2323065
6177689
9574001
11251288
10726980
8324867
4946555
1764379
-201845
-702453
-139185
776890
1099836
165364
-1949732
-4589404
-6921176
-8219899
-8147137
-6974040
-5435990
-4398908
-4490729
-5786026
-7807032
-9753956
-10636399
-9636992
-6813149
-2921941
1117869
4215046
5435371
4399768
1258997
-3443547
-9008781
-14837630
-20390168
-25048034
-28176282
-29104361
-27080815
-21518249
-12475432
-890361
11481858
22302807
29221478
30661436
26477586
17965842
7508809
-1881349
-7446451
-7737518
-3204913
4145133
11463116
15805094
15344674
10127048
1751657
-7092798
-13488287
-15558778
-12989290
-7018579
-79260
5132498
6690344
4212887
-1163508
-7327720
-11789130
-12726699
-9682641
-3593998
3569751
9672398
13064335
13181440
10842787
7612539
5055570
4349315
5776072
8463553
11014602
12142058
11073197
8009823
4009496
480315
-1240464
-484567
2370205
6174785
9525515
