0
1284
23441
14046
-41276
35560
-55109
37100
69361
-212491
349963
-419427
289231
72161
-700855
1609536
-2647108
4700432
8216993
-6306703
-1926036
-1434502
-516791
7550168
-4177452
-2553736
3424460
-4402874
-4054873
5654637
8611342
-3493819
-4991611
3471006
3530588
6044118
7389053
643136
1595215
1842938
-6036890
-1506678
-1781101
-3970834
4747584
3704360
5991015
9089887
-4648561
-10997790
1709320
2431211
-2735038
1401855
2446667
4485656
-1962112
-2258532
6131373
-454610
1836808
10755022
4059684
-2893464
-3709403
-4573905
-691257
-361010
-5222703
-6092942
-9193214
-2997806
7831692
171990
-1352471
5542980
1742933
6422484
8724476
-2249258
-3146775
1638909
-1481082
-2206383
4911840
4286996
1811076
5376433
-440867
-8714367
-3375361
5354790
-1791807
-8706833
-2288779
2792798
1799800
-3241518
-3752280
-2200242
-1335217
-3061934
-11563333
-7044359
-39830
-3150095
1534223
1149713
-649711
-2041481
-3477958
4374618
-3017267
3463742
10555471
-7058686
-1805751
-1077242
-911681
7876897
-4350109
-2479227
3465191
-4414090
-3998798
5541806
8527886
-3551791
-5069132
3341220
3373552
5940345
7280254
480637
1489260
1794211
-6078152
-1483923
-1724228
-3940877
4772797
3733831
6027855
9144144
-4602867
-10979852
1719212
2435778
-2757923
1384362
2448715
4501979
-1965080
-2364035
6030935
-453124
1822111
10719467
4060329
-2940020
-3771130
-4549180
-630002
-269152
-5114367
-6043710
-9182920
-3041418
7726220
100795
-1353774
5544902
1678313
6343692
8673728
-2284286
-3105592
1679665
-1494215
-2177695
4910371
4241542
1813806
5351286
-483768
-8686943
-3335324
5362843
-1804627
-8748700
-2344284
2699804
1656904
-3299416
-3715839
-2199224
-1359057
-3087274
-11636920
-7135473
-108464
-3261300
1444186
1173874
-638721
-2100125
-3511200
4374933
-3004568
3522768
10586894
-7110968
-1878212
-1132259
-918616
7859203
-4427069
-2519254
3475227
-4413802
-3978781
5606546
8565347
-3557295
-5043844
3394059
3427839
6014749
7400195
620431
1575471
1821607
-6058437
-1442540
-1713298
-3991109
4738310
3685663
5940516
9121672
-4619448
-11031260
1699009
2400035
-2768913
1434261
2467961
4482370
-1957577
-2345037
5994216
-477263
1883707
10795030
4107037
-2903854
-3780898
-4590543
-613228
-236289
-5112899
-6056091
-9229222
-3056998
7777486
134310
-1335824
5610620
1728443
6319865
8683450
-2208324
-3072134
1674803
-1520091
-2252059
4892111
4275964
1782821
5295370
-517806
-8721849
-3352573
5402536
-1773102
-8782243
-2335857
2788454
1690278
-3366923
-3757183
-2179829
-1342090
-3066616
-11606703
-7155515
-150416
-3207235
1548838
1267797
-537827
-2007922
-3440810
4360988
-3112340
3414727
10568367
-7062007
-1862800
-1142684
-910998
7863056
-4456012
-2553938
3455914
-4440864
-4023855
5531079
8543409
-3488270
-5023145
3352121
3402390
5995370
7366857
576115
1544099
1818888
-6061104
-1466352
-1758222
-4062124
4676833
3694680
5969391
9085863
-4633769
-10969710
1722357
2383072
-2783440
1390499
2473533
4544357
-1947003
-2361974
5952188
-588980
1770856
10716015
4031588
-2912821
-3719411
-4607288
-716770
-289122
-5097551
-6024758
-9198781
-3039871
7784895
123483
-1396241
5526354
1714837
6373646
8725364
-2175389
-3065101
1676196
-1448684
-2221886
4807483
4258146
1844174
5286281
-568140
-8757992
-3376551
5366577
-1796432
-8742884
-2307479
2774532
1712513
-3299030
-3696272
-2169992
-1395757
-3114888
-11612101
-7127958
-80527
-3165445
1511849
1189982
-600778
-2026184
-3462434
4328515
-3104576
3439233
10543465
-7130579
-1907294
-1151378
-923288
7876861
-4361755
-2455705
3518687
-4391510
-4022162
5566572
8614809
-3492256
-5070779
3331083
3465034
6087792
7351146
510525
1533198
1831944
-6018195
-1414220
-1745738
-4036601
4705555
3708922
6006824
9125349
-4613795
-10959940
1789841
2473464
-2782907
1379753
2465427
4453937
-2024382
-2356691
5969809
-558566
1836780
10752107
4030602
-2921980
-3721604
-4542150
-632069
-282485
-5163305
-6097012
-9182322
-2945944
7849379
115941
-1430872
5528423
1733147
6376274
8707374
-2241855
-3131717
1638413
-1469332
-2134005
4976164
4363115
1906347
5367461
-487015
-8688127
-3311242
5432279
-1731494
-8679490
-2247829
2808099
1713693
-3324313
-3764804
-2217713
-1398781
-3174273
-11675990
-7103675
-29485
-3131074
1533587
1167679
-672937
-2073974
-3452088
4356405
-3049598
3499558
10541895
-7151896
-1878088
-1078710
-882969
7853893
-4397195
-2513141
3426036
-4429242
-3995981
5535158
8537211
-3518278
-5031783
3369460
3397350
5975862
7340278
547942
1553682
1865946
-6007654
-1438890
-1750602
-3984671
4815296
3785552
5974115
9064596
-4612193
-10955411
1748671
2463178
-2745952
1387219
2435637
4429118
-2045414
-2364255
6022149
-515542
1776405
10696689
4053761
-2904111
-3716982
-4542901
-667757
-294007
-5115948
-6090793
-9271510
-3049888
7805774
163151
-1346650
5560921
1739567
6358929
8693028
-2179437
-3076025
1653067
-1455999
-2196064
4855514
4297649
1863915
5307339
-532013
-8745064
-3395131
5346660
-1802468
-8739870
-2310932
2776430
1744491
-3283972
-3743084
-2204780
-1408023
-3165437
-11664446
-7139531
-86441
-3218641
1430723
1162847
-555292
-1980684
-3418674
4398906
-3055417
3465206
10541439
-7153379
-1898364
-1165690
-975163
7882354
-4367295
-2565747
3419410
-4358243
-3895745
5637760
8621058
-3434256
-4978861
3386659
3450088
6064483
7421421
591728
1574871
1889366
-6029265
-1475982
-1709976
-3952749
4744621
3715863
6030770
9182542
-4608390
-11032457
1713984
2431829
-2777870
1411685
2460358
4416078
-2023606
-2320734
5988298
-574186
1821524
10790087
4053355
-2982806
-3769516
-4550998
-665567
-298774
-5126547
-6056262
-9172386
-2981544
7777005
103453
-1332651
5599459
1698794
6337235
8724420
-2187701
-3061955
1705988
-1480229
-2278763
4840442
4315367
1837264
5276477
-560018
-8724388
-3304458
5410012
-1793261
-8764054
-2348092
2770960
1752161
-3308555
-3766816
-2198683
-1390469
-3174339
-11693447
-7128687
-34982
-3129280
1520011
1165158
-610921
-2029325
-3461258
4353989
-3112258
3408335
10525641
-7135329
-1897923
-1194360
-993160
7878301
-4345409
-2507039
3414171
-4458293
-3990111
5605296
8612962
-3484360
-5046171
3346046
3394839
5954947
7289855
512251
1529502
1854016
-6010079
-1462608
-1725675
-3931209
4796391
3767290
6034785
9143465
-4602431
-10991891
1708655
2408924
-2785998
1385125
2481916
4520413
-1970558
-2359548
5968081
-543301
1855592
10842196
4159407
-2916187
-3818685
-4597926
-673130
-365587
-5188493
-6033784
-9176876
-3025251
7839456
222532
-1341189
5526472
1724279
6419068
8827367
-2099520
-3076598
1680481
-1432413
-2215274
4870832
4337603
1876321
5310218
-540548
-8779641
-3400060
5401597
-1768081
-8755414
-2312077
2815080
1802281
-3233450
-3709548
-2187184
-1390284
-3143800
-11642360
-7099191
-45753
-3172215
1499432
1194344
-572685
-1982751
-3440194
4334037
-3070254
3477919
10546713
-7093730
-1812674
-1076778
-897311
7854893
-4449324
-2584992
3422069
-4381064
-3944858
5576750
8565025
-3517722
-5058077
3380416
3462348
6003619
7328957
567168
1583614
1840277
-6077800
-1431311
-1675653
-3999024
4746562
3756341
5989292
9087800
-4652968
-10992301
1748562
2443090
-2737214
1395450
2389958
4410210
-2020190
-2392750
5936621
-562488
1784080
10714705
4054726
-2913306
-3705065
-4505460
-663169
-357196
-5142643
-6011254
-9147886
-2972284
7780265
108757
-1320820
5616654
1710339
6318467
8716429
-2209051
-3138396
1679882
-1417255
-2203359
4888612
4319295
1836720
5307422
-544940
-8757599
-3341754
5393083
-1821911
-8759540
-2286889
2807250
1728736
-3345704
-3774910
-2215460
-1427503
-3149239
-11664041
-7190762
-109545
-3194766
1441944
1106791
-660144
-2032420
-3432598
4349537
-3066124
3489183
10550699
-7138986
-1891844
-1106146
-874532
7892350
-4404624
-2497692
3548112
-4350364
-3981979
5601810
8627514
-3471814
-5059557
3357330
3437330
5985789
7362845
597720
1587987
1874081
-6033162
-1431874
-1693999
-3997412
4711280
3767498
6128551
9221014
-4588323
-11011114
1649453
2333562
-2814450
1421451
2503884
4515752
-1934493
-2311395
5989760
-568238
1764434
10744075
4090238
-2949664
-3780975
-4556253
-657048
-302388
-5131344
-6044080
-9226987
-3097482
7748952
128509
-1347040
5597683
1728044
6369693
8745263
-2200592
-3103309
1676169
-1443642
-2196325
4858863
4284924
1857898
5320532
-548223
-8775572
-3392063
5360243
-1804442
-8718182
-2268383
2797522
