0
244
11562
64232
113569
152219
188420
154113
190670
105227
76735
79766
-128702
70023
-276312
-56873
-113320
-520631
8580052
25041944
37863882
46704463
50888957
49328355
42903055
31649292
17175783
865208
-15727881
-30493355
-41973852
-49047459
-50888288
-47342217
-38835678
-26159856
-10623166
6096127
22082654
35683753
45567626
50441430
49944578
44444094
34234712
20228492
4012587
-12633852
-27877774
-40165306
-48169922
-51036881
-48571182
-40961568
-28986022
-13892291
2713236
18970258
33213227
43922376
49869302
50512240
45952045
36577924
23209524
7326089
-9391573
-25117933
-38029992
-46852296
-50796820
-49461887
-42902720
-31676215
-17039979
-648539
15858298
30682774
42159494
49111039
50849740
47330705
38865437
26149169
10611012
-6063733
-22134265
-35776890
-45566592
-50512358
-50080430
-44434276
-34162390
-20201940
-4035839
12607817
27952568
40210394
48090457
50980343
48601781
40977790
28937062
13926204
-2614111
-18941572
-33219608
-43987025
-49984782
-50599887
-46028689
-36618753
-23214890
-7375174
9314995
25038805
38028061
46980709
50864732
49413621
42866025
31696749
17102020
676457
-15841558
-30618530
-42131150
-49109577
-50759910
-47181876
-38790670
-26170677
-10647652
6004532
22055958
35752111
45517754
50438566
50152309
44566403
34197787
20209301
4032875
-12602015
-27870698
-40171194
-48152628
-50990185
-48519170
-40951641
-28986214
-13936047
2648247
19014475
33284339
43952476
49947291
50647125
46060099
36628701
23232209
7312658
-9386038
-25071060
-38093109
-47043458
-50931071
-49441048
-42809740
-31658714
-17056979
-600381
15856606
30618638
42144408
49125420
50897905
47381489
38855462
26160482
10637993
-6057284
-22055044
-35683255
-45521851
-50452522
-50083634
-44520096
-34188897
-20165418
-4024500
12575346
27905512
40223364
48230185
51096291
48503199
40856808
28929883
13860587
-2715999
-19003041
-33232875
-43909256
-49965307
-50712448
-46097402
-36638587
-23227866
-7311278
9398697
25112751
38079788
46944443
50830220
49430658
42880454
31740622
17136694
654655
-15857277
-30622305
-42131706
-49143403
-50886913
-47343311
-38898727
-26200831
-10601983
6073101
22064658
35730262
45550124
50457328
50067519
44457575
34136569
20135347
3925249
-12692668
-27943145
-40206745
-48174372
-51085212
-48610742
-40990182
-29021918
-13921224
2685726
19005805
33276672
43935156
49876197
50620614
46111641
36656136
23223572
7305017
-9417584
-25136939
-38099209
-46957852
-50854380
-49413986
-42792674
-31638736
-17119436
-738820
15817959
30660303
42156427
49158219
50861136
47190032
38680562
26071027
10588977
-6057253
-22079196
-35715393
-45477919
-50455026
-50166442
-44582191
-34243590
-20183830
-3947198
12649202
27884797
40140345
48061885
50938902
48555141
41017714
29022845
13902699
-2673723
-18979254
-33269227
-43947913
-49908301
-50612871
-46049082
-36589683
-23146049
-7259694
9373996
25020070
38000852
46951493
50892409
49454019
42837159
31675482
17114514
695399
-15848390
-30690222
-42173190
-49131803
-50937755
-47395102
-38830611
-26154581
-10654483
6047175
22085081
35720167
45514186
50457968
50152918
44568220
34177268
20203674
4061645
-12620682
-27937704
-40202020
-48095183
-50894434
-48451579
-40925781
-29003671
-13955794
2645775
18998824
33302593
43991673
49902575
50594667
46091829
36652427
23211089
7335820
-9311414
-25023536
-38021708
-46915697
-50840777
-49395092
-42785431
-31656068
-17089136
-666176
15826903
30638886
42137515
49096846
50938511
47453801
38884173
26158891
10629866
-6033805
-22025575
-35701697
-45550258
-50499316
-50138179
-44513414
-34213631
-20237009
-3966005
12723130
27965218
40229386
48206581
51029363
48519553
40934730
28962485
13856721
-2756163
-19053513
-33304154
-43990132
-49953407
-50674558
-46078358
-36557062
-23206227
-7443603
9232617
24999881
38007589
46909850
50878269
49490974
42831029
31635398
17086051
671289
-15835779
-30624786
-42084851
-49076987
-50913009
-47387713
-38881932
-26205023
-10657630
6043733
22052697
35695420
45570438
50513719
50046176
44416613
34167091
20245504
4069410
-12616391
-27918573
-40157392
-48053105
-50837172
-48328645
-40771017
-28866303
-13843820
2740700
19036675
33236499
43884206
49864387
50604571
46025397
36588867
23229698
7306432
-9375121
-25042148
-38026656
-46884287
-50783988
-49412922
-42799884
-31579700
-17035891
-661258
15834015
30625043
42113280
49089678
50892587
47361268
38821351
26106578
10603080
-6032340
-22086099
-35763488
-45626360
-50467589
-49769030
-44158281
-34133016
-20243362
-4012752
12633878
27888850
40163918
48130915
50953364
48454284
40882452
28957973
13932171
-2652661
-18988703
-33254504
-43964686
-49976191
-50659293
-46048669
-36607052
-23190342
-7249858
9411447
25049089
38009244
46863520
50785196
49425212
42824028
31661476
17109714
680218
-15867172
-30677851
-42134699
-49140742
-50964142
-47425664
-38895616
-26131482
-10566133
6068567
22108717
35734578
45480387
50533589
50251898
44567185
34199147
20176225
3972018
-12624288
-27865791
-40109460
-48081038
-51018777
-48582356
-40982288
-29020924
-13921218
2687954
18992607
33290614
44017129
49968880
50618819
46036462
36611494
23186568
7287955
-9338884
-25042018
-38064302
-46945493
-50907980
-49539241
-42875709
-31660758
-17070591
-633444
15862397
30627561
42056274
49008887
50848713
47375465
38862339
26176001
10689825
-6007937
-22109084
-35788523
-45551079
-50433083
-50094195
-44570688
-34247614
-20171012
-3985635
12577521
27856283
40184446
48155553
50916850
48377943
40885162
28962026
13840254
-2717727
-19019380
-33304115
-43955063
-49907200
-50632525
-46105961
-36670795
-23239075
-7356337
9304027
25016947
38030090
46952916
50893114
49476632
42871187
31705013
17138073
729700
-15814594
-30659129
-42161158
-49145639
-50904513
-47349930
-38838214
-26117847
-10580660
6074029
22092277
35733515
45555621
50572997
50293162
44632177
34158111
20146956
4026419
-12612686
-27878715
-40145179
-48141053
-50949581
-48447141
-40927778
-28966362
-13873844
2695534
19031296
33290504
43919267
49904596
50698441
46163400
36658895
23205261
7296592
-9368955
-25036310
-38023445
-46928618
-50870284
-49484562
-42900603
-31712509
-17072624
-667287
15768552
30573887
42094921
49097655
50936708
47385155
38795173
26127096
10660338
-6019788
-22085105
-35766533
-45500164
-50348689
-50068215
-44554693
-34176376
-20116930
-3954430
12604624
27831313
40139148
48182517
51000372
48411988
40847318
28950253
13885252
-2659243
-18956148
-33293367
-43991676
-49908018
-50602717
-46039911
-36610648
-23225302
-7309639
9388115
25120430
38107352
46922441
50869533
49540074
42919630
31717076
17116017
681560
-15814273
-30630343
-42158887
-49155869
-50923213
-47363394
-38855773
-26188233
-10638545
6081226
22091124
35715559
45558394
50517448
50115127
44478957
34151102
20160231
3980948
-12613213
-27844122
-40115789
-48094861
-50981721
-48523362
-40934342
-28992923
-13919969
2679419
18954996
33205335
43936804
49970462
50694232
46091345
36626424
23250413
7373188
-9333568
-25032185
-38046637
-47007186
-50901754
-49385888
-42753957
-31685977
-17165220
-689839
15840520
30612185
42159526
49236631
50983357
47372828
38839456
26152439
10649043
-6028815
-22060511
-35677376
-45485656
-50521836
-50215761
-44528413
-34128860
-20132710
-3952797
12665389
27922395
40210039
48162803
50942477
48466775
40947239
28998702
13968887
-2602118
-18979055
-33268109
-43980848
-50001017
-50653891
-45992262
-36557284
-23218008
-7320524
9367687
25042116
38054154
46926841
50770731
49371930
42844534
31696272
17091224
671410
-15812186
-30635028
-42193234
-49200038
-50984694
-47471639
-38948934
-26189377
-10617493
6011964
22032777
35729836
45526644
50483921
50149649
44525166
34182311
20168332
3990639
-12637292
-27964258
-40253220
-48140143
-50902713
-48443172
-40934222
-28975412
-13906792
2679267
19007964
33262739
43959344
49944012
50631022
45985507
36501001
23191086
7342493
-9409991
-25103328
-37984597
-46862989
-50881367
-49507472
-42844596
-31652067
-17077656
-631426
15830146
30589175
42139357
49116731
50889896
47474003
38984214
26186960
10635142
-6032574
-22082445
-35738561
-45518595
-50414237
-50057596
-44495223
-34191572
-20198721
-3984764
12669579
27928339
40166556
48086572
50939807
48527588
40978321
28945603
13807650
-2722711
-18936556
-33220467
-43956868
-49869932
-50559745
-46029124
-36569335
-23175140
-7313470
9354671
25015641
37953727
46906412
50929853
49499464
42862674
31720061
17147848
710835
-15824000
-30666754
-42195019
-49158866
-50884751
-47335797
-38847028
-26155974
-10615842
6054205
22101044
35769551
45579900
50501261
49999857
44332670
34131783
20197866
4019281
-12566142
-27849330
-40160647
-48143685
-51022681
-48539348
-40933668
-28961464
-13883055
2695707
18990306
33234360
43894750
49874467
50624251
46042281
36586943
23257244
7374966
-9371616
-25085225
-38056309
-46961489
-50883349
-49415648
-42772093
-31651644
-17099485
-637580
15865982
30654313
42173211
49128375
50890964
47428330
38957066
26217943
10644917
-6027292
-22059105
-35710439
-45464695
-50398559
-50106571
-44563663
-34239852
-20199568
-3987270
12611829
